0	1	0.703508154227
1	1	0.974114535261
0	1	0.848839502948
0	1	0.823611719154
0	1	0.679768144582
0	1	0.985402698082
0	1	0.541009312028
1	1	0.920172906444
1	1	0.501884278578
0	1	0.927743059338
0	1	0.996706106199
0	1	0.995729255122
1	1	0.893790761235
1	1	0.993967191849
0	1	0.628085635629
1	1	0.872609532214
1	1	0.537284055635
0	0	0.0299294545607
0	1	0.979670110749
0	0	0.222503369018
1	1	0.637319448356
0	1	0.725425315019
1	1	0.631192853327
1	1	0.648757963085
1	1	0.775648174716
0	1	0.675650010218
0	1	0.921871034252
0	1	0.506853031662
0	1	0.965498520745
1	1	0.892713286215
1	1	0.8317695471
1	0	0.390096474846
0	1	0.676061807765
0	0	0.054606421821
0	0	0.139755353301
0	1	0.820785361656
0	1	0.728403456651
0	1	0.757222089327
1	1	0.94985565532
0	1	0.95552991328
0	0	0.368513255467
1	1	0.750005434639
1	0	0.486589359085
1	1	0.840853553763
0	1	0.974638661009
0	1	0.735063380117
0	1	0.934088285396
0	1	0.640375937798
0	1	0.783949234557
0	1	0.68003461621
1	1	0.500375010695
0	1	0.931491269941
0	1	0.903048042196
0	0	0.187122838633
1	1	0.628970418282
0	1	0.536049806972
1	1	0.568390263342
1	1	0.936032547609
1	1	0.999307764086
0	1	0.601867064538
0	0	0.440168683594
0	1	0.845091390203
0	0	0.444499262355
0	1	0.90061582787
1	1	0.930358611451
1	0	0.255293433351
0	1	0.782606584075
0	1	0.532086282011
0	1	0.837478295407
0	1	0.780466646182
1	0	0.426395712654
1	1	0.726431538326
1	1	0.9532823011
1	1	0.790798824284
0	1	0.937077893956
0	1	0.96613252947
0	1	0.955479117941
0	1	0.790360405566
0	1	0.923590234579
0	1	0.917396632364
0	0	0.108105948669
0	1	0.597604575128
1	1	0.906707631028
0	1	0.935425794845
1	1	0.972668819501
1	1	0.982394913331
1	0	0.306067790357
1	1	0.502265065551
1	0	0.364911053594
1	1	0.616819657737
0	1	0.935489331956
1	0	0.0318396278575
0	1	0.904456475411
0	1	0.868533142781
0	1	0.618363192608
1	1	0.805791818233
0	1	0.942557799714
1	0	0.480559253998
0	1	0.813759384059
0	1	0.861064506469
0	1	0.774624955799
1	0	0.0434469896414
0	1	0.896449531445
1	1	0.835168932344
0	0	0.437327310036
0	1	0.898746591176
1	1	0.974953228765
0	1	0.513784492629
1	1	0.952911747999
0	1	0.986056742565
0	1	0.762937288801
1	1	0.990373336705
0	1	0.730028964758
1	1	0.599743255746
0	0	0.136138904225
0	1	0.957243469236
0	1	0.996841842632
0	0	0.424629202007
1	1	0.741750050681
1	1	0.915574402547
1	1	0.946076050537
0	0	0.378694977167
1	1	0.99907819195
1	0	0.0437375324017
1	0	0.0134403422797
1	1	0.990418876936
1	1	0.539890981443
1	1	0.860241334203
1	1	0.628432852235
0	1	0.654076359522
0	1	0.953847740128
1	1	0.770291892763
0	1	0.987417519868
1	1	0.791984130637
1	0	0.417550573928
1	1	0.943352403621
1	1	0.878781066045
0	0	0.26253814016
1	1	0.960495757906
1	1	0.566497360363
1	0	0.328895967597
0	0	0.487241021209
1	1	0.982443820606
1	1	0.913604522344
1	0	0.209254865244
1	1	0.522328247047
1	0	0.0903333841958
0	1	0.617704040553
0	0	0.106720896758
1	1	0.898795898317
0	1	0.64844543961
0	0	0.48515997908
0	1	0.909648149006
0	0	0.322384107583
0	1	0.999043675345
0	1	0.819559061848
0	1	0.87532079114
1	0	0.415251525612
1	1	0.788200390713
1	0	0.219951529297
0	0	0.244645768808
1	0	0.180720485113
0	1	0.566465768054
0	1	0.838321264639
0	1	0.985005657819
0	1	0.97578359129
0	1	0.995663093041
1	1	0.852775026619
1	1	0.996695068427
0	1	0.819597386206
0	1	0.608306202154
0	0	0.281822801808
1	0	0.388712205531
1	1	0.940216774151
1	1	0.729041998105
0	0	0.298525400702
0	0	0.456199658351
1	1	0.749746141191
1	0	0.00580458762207
0	0	0.26699619977
1	1	0.997904817801
0	0	0.065699396579
1	0	0.31895442442
1	1	0.930261253233
1	1	0.986456228645
1	1	0.878678237494
0	1	0.529626935652
0	1	0.689619455845
0	1	0.984291305404
1	1	0.542514129836
0	1	0.748596476321
0	0	0.16797963378
1	1	0.831034878394
0	0	0.207725180855
1	1	0.738233705939
0	0	0.0322714132221
0	0	0.06172952203
1	0	0.29571731822
1	1	0.673965713273
1	1	0.976455078053
1	1	0.963990705719
1	1	0.956732168317
0	0	0.349000202872
0	1	0.905241989477
1	0	0.336697843768
1	1	0.995209451791
1	1	0.648197541579
0	1	0.724893457789
1	1	0.991451289317
1	1	0.983165695278
1	0	0.422606224293
1	0	0.15092057999
0	1	0.786147934322
1	0	0.35617405799
1	1	0.737885475054
1	1	0.836185070325
1	1	0.948596736484
1	1	0.960659626211
0	1	0.935647129984
0	1	0.698058437272
0	1	0.578524870051
0	1	0.846483475115
0	1	0.679180932288
1	1	0.897868275924
1	1	0.929625439624
0	1	0.591414647089
1	1	0.952603404403
0	1	0.800772093459
0	1	0.96439441157
0	1	0.970177472996
1	1	0.911672441774
1	1	0.790510431589
0	1	0.9983167008
0	1	0.879844089871
1	1	0.522988718501
1	1	0.908073454441
0	0	0.384371398362
0	1	0.942685838459
1	1	0.893320034842
1	0	0.296137801383
0	1	0.773950104445
1	1	0.711853468178
0	0	0.254636055507
0	1	0.762304085
0	1	0.996808868972
1	0	0.352521756322
1	1	0.698325010373
0	1	0.975630790524
1	1	0.733111726335
0	1	0.854679936612
1	0	0.347964492268
0	1	0.93177253465
0	0	0.0709268983193
1	1	0.917139401803
0	1	0.74327704664
0	0	0.444861047604
1	1	0.821430042951
1	1	0.960921353638
0	1	0.824870594109
1	1	0.536968120755
1	1	0.959424277558
1	1	0.972983910615
0	1	0.734769650969
0	1	0.965232277787
1	1	0.995985637797
0	1	0.705276345617
0	1	0.679541813276
0	1	0.756289501984
1	1	0.993596476554
1	1	0.560588331743
1	0	0.0141134940257
0	1	0.860565804339
1	0	0.48921075901
0	0	0.461982353856
1	1	0.753249063317
0	0	0.293779430116
0	0	0.0242265338621
0	1	0.970835908221
0	0	0.487527765381
0	1	0.687051355898
0	1	0.636767280665
0	0	0.112447010698
1	0	0.397072046081
0	0	0.469036861621
0	1	0.968926641178
1	1	0.542819809145
0	0	0.269311814506
1	1	0.584548969627
1	0	0.471031171576
1	1	0.63528516531
1	1	0.692638713569
0	1	0.937368568157
0	1	0.67020091602
0	1	0.994220115465
1	1	0.713448433583
1	1	0.604229915867
1	1	0.991336044963
0	0	0.348411302887
0	0	0.490621583194
1	1	0.784152962483
0	0	0.464814135205
1	1	0.759280956071
1	1	0.919200012783
1	0	0.200210586362
0	1	0.959381259964
0	0	0.452298844185
1	1	0.936114840638
1	1	0.849719351365
1	1	0.552662228966
1	0	0.318104586451
0	1	0.802094070927
0	1	0.67742786282
0	0	0.354452695089
0	0	0.349300968102
1	1	0.789381508207
0	1	0.558262430988
0	1	0.581029338001
0	0	0.116165329465
0	0	0.370720467937
1	1	0.994043216808
1	1	0.987733115114
1	0	0.464299121333
1	1	0.98762439233
1	0	0.274174888594
1	1	0.846963922654
0	1	0.914277235698
1	1	0.774492626414
1	1	0.607793128017
1	1	0.85124532688
1	0	0.379335616566
1	0	0.231704035316
0	1	0.583877322739
1	0	0.389904949784
0	0	0.200619452139
0	1	0.756950951151
1	1	0.916337116465
1	0	0.240291388984
0	1	0.63071053694
0	1	0.595446556213
0	1	0.930176923711
0	0	0.0624789598064
0	1	0.813816331878
1	1	0.783620588579
0	1	0.730143036085
1	1	0.927444088321
0	1	0.794760337526
0	1	0.999977266289
0	1	0.612980120911
1	1	0.600269590351
0	0	0.286776496368
1	0	0.214168532248
0	0	0.408639449593
1	1	0.997601456611
1	1	0.74096657335
0	0	0.180535797011
1	0	0.0454877703601
0	1	0.623109630564
0	0	0.47056397175
1	1	0.760385937637
1	1	0.691491500852
0	1	0.85200573256
1	1	0.952806093697
1	1	0.754068903049
0	0	0.0240405894509
0	1	0.85279273224
1	1	0.800570273399
0	0	0.0194345175932
1	1	0.913524970966
1	0	0.481589562415
1	1	0.954712461655
0	1	0.897155499899
0	1	0.92812450482
0	0	0.329668917374
0	0	0.496624975191
1	1	0.930385258801
1	1	0.653703740646
1	1	0.833853180318
0	0	0.491631010574
1	1	0.685658375349
1	1	0.598896825207
1	1	0.786989279576
1	1	0.982644283309
0	1	0.661023339592
1	1	0.922688473181
0	1	0.544814181219
1	1	0.779794945012
0	0	0.172199008943
1	1	0.568402411531
1	1	0.520095977289
0	0	0.395547531124
0	0	0.0672007521449
0	1	0.538491557307
1	1	0.975774051763
0	0	0.160953035508
0	0	0.0728834279314
0	1	0.722969341392
0	0	0.444155728726
0	1	0.872927094126
1	1	0.96303137646
0	0	0.0314000778566
1	1	0.855726825348
1	1	0.544207986595
1	0	0.388012932883
0	1	0.944651022811
0	1	0.833887279073
0	0	0.225237135654
1	1	0.834867996549
0	1	0.990739200887
0	1	0.666902051992
0	1	0.852247528238
0	1	0.664921939448
0	1	0.936571562225
1	1	0.939002386302
1	1	0.86209771849
1	1	0.812676158161
0	1	0.999318849078
0	1	0.760978010555
1	1	0.953621441978
1	1	0.836199091456
1	1	0.967068298021
1	1	0.921593350655
1	1	0.544560159176
0	0	0.277672589062
1	0	0.182635517053
1	1	0.971835245672
1	1	0.698173335094
0	0	0.201833551554
1	1	0.834097780643
0	0	0.468917956934
1	1	0.972439041816
1	1	0.521192849902
0	0	0.204424906972
0	1	0.643229172876
1	1	0.699905294004
0	0	0.320731178946
1	1	0.876568693014
1	1	0.586933417681
1	1	0.639817672734
1	1	0.626046664999
1	1	0.96299611112
1	1	0.892281386798
0	1	0.999914299288
1	1	0.843464752139
0	1	0.851467091989
1	1	0.685138462398
1	1	0.960220363814
0	1	0.517946975903
1	1	0.609560619971
0	0	0.456262743656
0	1	0.594579840423
0	1	0.582334386457
1	1	0.839485481277
1	0	0.384492628996
1	1	0.988789221338
1	1	0.678972416737
1	1	0.595952841712
0	1	0.764608579118
0	1	0.516063669473
1	0	0.274332500482
1	1	0.666182389939
0	1	0.596172731867
1	0	0.456099916002
0	0	0.412243217441
1	1	0.744900908893
1	1	0.722305268658
1	1	0.912086252423
0	1	0.74513541519
0	0	0.139545514839
1	1	0.958796522624
1	0	0.290303651044
0	0	0.261075309705
1	0	0.040610466525
0	1	0.509051076965
1	1	0.813043409292
1	0	0.172412144204
0	1	0.824332382335
1	1	0.676783639402
1	1	0.576602888978
1	1	0.850025270118
0	0	0.46263496836
0	1	0.551511106129
1	1	0.840544535821
0	1	0.853515175205
0	1	0.795225387784
1	1	0.982561446266
0	1	0.95349030582
0	1	0.919053489165
1	0	0.327857400992
1	1	0.96759268627
1	1	0.685955180132
0	1	0.639433801672
0	1	0.925887590342
1	1	0.948274113918
0	1	0.937261201561
1	1	0.587350116978
1	1	0.655583319499
0	0	0.0390695564188
1	1	0.791120208801
1	1	0.951006203307
1	1	0.988545767265
0	1	0.873125009191
1	1	0.999464421606
1	1	0.790658886819
1	1	0.963168371579
0	0	0.239957849266
0	0	0.100863902222
1	1	0.888878705121
0	1	0.991475578277
1	1	0.848560506
0	1	0.957763857316
0	1	0.895370817216
1	1	0.914666760136
1	1	0.50777527907
1	1	0.866508634974
1	0	0.495002863263
0	1	0.520757343999
1	1	0.793611583351
0	1	0.738426277636
1	1	0.873960729806
1	1	0.618925764462
0	1	0.570584959674
1	1	0.685307459796
1	1	0.843464283199
1	1	0.889875558455
1	1	0.76239504895
0	1	0.627646040125
1	0	0.41364628619
0	1	0.520433279312
0	1	0.57578009611
0	1	0.861953390533
0	1	0.636888417829
0	1	0.869132133319
0	1	0.972409846463
1	0	0.492879352012
0	0	0.0736725794773
0	1	0.917782258362
1	0	0.163387834642
1	1	0.90191546035
1	0	0.290715085355
1	0	0.46577716319
1	0	0.334571985524
0	0	0.377793698526
1	1	0.939280956305
0	0	0.41237671628
0	1	0.747512453996
0	1	0.837196128449
0	0	0.488161659819
0	0	0.485772102701
1	1	0.925998904882
1	0	0.387414907167
1	1	0.772668146835
0	0	0.018599605628
1	0	0.462866150703
1	0	0.469020214953
0	1	0.890781620516
1	1	0.861796711044
1	0	0.14054663894
1	1	0.832321566901
0	1	0.594838117124
0	1	0.803079477583
0	1	0.554029146323
1	1	0.976070196966
1	1	0.520641236561
0	0	0.346029498037
1	1	0.955140420781
1	1	0.638393436652
0	0	0.392937363591
1	1	0.734266328837
1	1	0.616887084584
0	1	0.818374562736
1	1	0.948694877118
0	0	0.231577743344
0	1	0.904669005777
0	1	0.848834715989
0	1	0.533403112578
0	1	0.918606710463
1	1	0.814578602222
1	1	0.506781721846
1	1	0.514216456738
0	1	0.925536727573
1	1	0.833166128773
0	1	0.788179016694
1	1	0.978911698111
0	1	0.983932051044
0	1	0.958875055607
0	0	0.0519766457954
0	0	0.324126652679
0	1	0.994694979417
1	1	0.778837873212
1	1	0.784124385433
1	1	0.981676153485
0	1	0.96355158377
0	1	0.58210168234
0	1	0.872382389349
0	1	0.560447246423
1	1	0.802425324942
0	1	0.783847610793
0	1	0.905885833845
1	1	0.618267102566
0	1	0.965594674715
1	1	0.633266801443
0	1	0.61613399957
0	0	0.355250993989
0	1	0.844893928212
0	1	0.874914261792
1	1	0.996925119285
1	1	0.927603488827
0	0	0.414386161729
1	1	0.803190770105
0	1	0.698652152525
0	1	0.986359285301
1	1	0.788679617199
0	1	0.757681955838
0	1	0.716275552689
1	1	0.929024620254
1	1	0.993381731013
1	0	0.461025866609
1	1	0.99702946007
0	1	0.905331713348
1	1	0.975260572161
1	1	0.652434861038
1	1	0.647272848278
1	1	0.610423959427
0	0	0.399307747388
1	1	0.637230862584
0	1	0.993821108138
0	1	0.839436189777
0	1	0.879812836491
1	1	0.58893936799
0	1	0.501208594435
0	1	0.994237522806
0	1	0.956355251201
0	0	0.188776348
1	0	0.265593918351
0	1	0.842316149609
0	1	0.520946185765
1	1	0.659624951926
0	0	0.185693342133
1	0	0.320122453625
0	1	0.649183609017
1	1	0.866029235488
1	1	0.980511219196
0	0	0.234803315233
0	1	0.971453138579
0	0	0.0030023890456
0	0	0.440481115238
1	0	0.0614994277759
0	0	0.480103988426
0	0	0.193288139707
1	0	0.412833092629
1	1	0.970373591344
0	1	0.658495267676
0	1	0.849290680136
0	1	0.823963831312
0	0	0.462586687773
1	1	0.941561723104
0	0	0.197880617594
0	0	0.119910815537
1	1	0.570363378475
0	1	0.803570753137
0	1	0.814459005943
1	1	0.926800248825
1	1	0.995358029233
1	1	0.979955076222
0	0	0.142358442033
1	1	0.784257078312
0	1	0.99411639266
1	1	0.967479652105
1	1	0.999393312718
0	1	0.913233444218
1	1	0.987177714138
1	1	0.686135052928
1	1	0.515258714195
0	1	0.65672154053
1	1	0.874808279905
1	1	0.87398101112
1	1	0.873708250373
1	1	0.701603941139
1	1	0.920495059763
1	1	0.881836524021
1	1	0.947793508751
0	1	0.727928490054
0	0	0.229217723818
0	1	0.569077921321
1	0	0.186694270103
1	1	0.828346249592
1	1	0.939383384613
1	1	0.852264273215
0	1	0.867452366022
1	1	0.750752775501
0	1	0.836880502258
0	1	0.523991927657
1	1	0.696872467661
0	0	0.225022625718
1	1	0.843627171761
0	1	0.999738835707
0	1	0.639903900369
0	1	0.72482618457
0	0	0.246242558986
1	1	0.97417446641
0	0	0.261454564996
1	1	0.782215112979
0	0	0.279122985705
1	1	0.67170556084
0	0	0.425720202713
0	1	0.932396395169
1	1	0.785774416384
0	0	0.306194857158
1	1	0.977924824233
1	1	0.854294933192
1	1	0.862991078868
0	1	0.963824685794
0	1	0.899870662265
0	1	0.98954771541
0	1	0.901665360297
0	1	0.603082370869
0	0	0.490399771586
1	1	0.690399209037
1	1	0.580640086068
1	0	0.437725490466
0	1	0.505703273821
0	0	0.128479360434
1	1	0.997875443541
0	1	0.70788189083
0	0	0.252660532445
0	1	0.753638618669
0	1	0.58697832058
1	0	0.492893367775
0	1	0.770781115203
1	1	0.736348543859
0	1	0.762341252886
0	1	0.736722310506
0	0	0.348096415434
1	1	0.979583323607
1	1	0.798865158146
1	1	0.528167106798
1	0	0.456826563251
0	0	0.213313620612
0	1	0.721096402771
0	0	0.0914338176107
0	0	0.466066043214
0	1	0.821041932899
1	1	0.945711554875
0	1	0.812897260878
1	1	0.860147717383
0	0	0.233167376003
1	1	0.98929660798
0	0	0.0723845269949
1	1	0.82190255038
1	1	0.970286812614
0	0	0.0121270800033
1	1	0.694724880381
1	1	0.86497732352
1	0	0.129944136411
0	0	0.0943684841558
0	1	0.531938273348
0	0	0.454552466133
0	0	0.143970696366
1	0	0.0783383087895
1	1	0.698693485113
1	0	0.0643253632148
1	1	0.870571826797
1	1	0.890573488642
1	1	0.914548762955
0	1	0.928780506139
1	1	0.964760036697
0	1	0.959987153594
0	0	0.30230414954
0	1	0.980206767293
1	0	0.390922322012
0	0	0.428699246787
1	1	0.928559717641
0	0	0.454701590082
0	0	0.485492935173
0	1	0.790362895569
1	1	0.915974733937
1	1	0.59389599303
0	0	0.053085595226
0	1	0.993043772878
0	1	0.581246160104
0	1	0.93831387479
1	0	0.321592587475
1	1	0.779325304987
1	0	0.267328553466
0	1	0.500739539725
1	1	0.992171672911
1	1	0.749214847282
0	1	0.925667912371
1	1	0.819476120756
0	0	0.397589987636
1	1	0.976166138743
1	1	0.94058498903
0	0	0.12449152158
1	1	0.971850765579
1	1	0.733881474459
0	0	0.127266741569
1	1	0.992883311503
1	1	0.644540196323
0	1	0.92781743216
1	0	0.467518373951
0	1	0.664334402175
1	1	0.996611416667
1	0	0.327714868436
0	1	0.934236014181
1	1	0.873707775358
0	1	0.855404125232
1	1	0.994384281578
1	1	0.95768508629
1	1	0.962982018219
0	1	0.959738444076
1	0	0.482305369634
0	1	0.814992187855
0	1	0.920431796322
0	1	0.678657822683
1	1	0.951459559846
0	0	0.0737832221501
1	1	0.945676740408
0	1	0.517163688553
1	1	0.997440256043
1	1	0.7735052814
0	1	0.978351843234
1	1	0.739265065005
1	1	0.993277399443
0	1	0.981825724826
1	1	0.983476373575
0	1	0.582479641646
0	1	0.59897781707
1	1	0.841203942588
0	0	0.458785374921
1	1	0.745860351901
1	1	0.904807054567
0	0	0.105392539531
1	0	0.139759672759
0	0	0.0075899297185
1	1	0.963672584292
1	1	0.711439566122
0	1	0.966389504529
0	0	0.022989489184
1	1	0.997213746391
1	1	0.592885708971
0	1	0.833857633438
1	0	0.255972245792
1	1	0.968435808316
1	0	0.191329897256
0	0	0.0707975487767
0	1	0.729193772919
0	1	0.735178128715
0	1	0.882035242146
0	1	0.788732253161
1	0	0.286681452911
0	1	0.598926395653
0	1	0.849339259857
0	1	0.596571446378
1	1	0.604569410266
1	1	0.893578357426
0	0	0.124138289939
1	1	0.924957236276
0	1	0.984172060401
0	1	0.834443402186
1	1	0.993017581421
0	0	0.389750594484
0	0	0.00914676589517
0	0	0.127339469758
1	0	0.471371092181
1	1	0.926058985134
0	1	0.98401398528
1	1	0.949177419597
1	1	0.781002408858
1	1	0.82726254653
0	0	0.0451442785879
0	1	0.807697365015
0	1	0.708434779408
1	1	0.709415301361
1	1	0.999685898635
1	1	0.928295418954
0	1	0.991271079335
0	1	0.668073672029
1	0	0.395589246767
0	1	0.883189492623
1	1	0.940796057846
1	1	0.801183662207
0	1	0.683321566482
0	1	0.602277507096
0	1	0.970817479114
0	0	0.318908152659
0	0	0.326749527789
0	1	0.559626945565
0	1	0.993600854296
0	1	0.995183379685
0	1	0.866944114068
0	1	0.755550432341
0	1	0.512764330384
1	1	0.894834202272
1	1	0.786734343807
0	1	0.720391094454
1	1	0.948004538494
0	0	0.372544012368
1	1	0.763096398687
0	0	0.445010030959
0	0	0.0254987429107
1	1	0.992296882318
1	0	0.385001889185
0	1	0.516728850355
0	1	0.997571960941
0	1	0.957778392828
0	0	0.0523492760952
1	1	0.940485113854
0	1	0.6821161588
1	1	0.920215020556
1	1	0.872961124027
0	0	0.383738392584
1	1	0.747481700808
1	1	0.689733332605
0	1	0.873508508623
1	1	0.750847682768
0	1	0.896749708258
1	1	0.918166391698
0	1	0.993122147047
1	1	0.827326135067
0	1	0.696490619433
1	1	0.630488254989
1	1	0.703314542067
1	1	0.982459485248
1	0	0.110717424602
1	1	0.739051090745
0	1	0.566541687005
1	1	0.820458639977
0	0	0.199765031207
1	1	0.67472772906
1	1	0.994444154751
1	1	0.681789924597
1	1	0.528979979152
1	1	0.720181226546
1	1	0.689345917824
1	1	0.984864009891
0	1	0.998069197063
1	0	0.121741591285
0	1	0.564237294056
0	1	0.88089525694
0	0	0.30771676622
1	1	0.855114633382
0	1	0.868701608764
1	1	0.50464711168
0	0	0.227346371356
1	1	0.7405104074
1	1	0.99927390657
0	0	0.142936160149
0	0	0.432373890158
1	1	0.871908829688
0	1	0.928016275646
1	1	0.95225638279
1	0	0.170318416896
1	1	0.54431566963
1	1	0.576411240558
0	0	0.136721120611
1	1	0.980116949583
1	1	0.928659254487
1	1	0.991052393261
1	1	0.891733114547
1	1	0.984232156963
1	0	0.0866564205497
0	1	0.842272634692
1	1	0.736360590367
0	1	0.778248641251
0	0	0.447013371849
0	1	0.908191455129
0	1	0.985315422152
1	0	0.371967084448
1	1	0.975153338338
0	1	0.547264807991
1	1	0.581390481692
1	1	0.77849820154
1	0	0.418816864436
0	0	0.384209622945
0	1	0.919878844686
1	1	0.725414718507
1	1	0.981865286159
1	1	0.997128075749
0	1	0.800242672056
0	0	0.149469681223
1	1	0.997899122062
1	1	0.955410300431
1	1	0.94829054921
0	1	0.970441524601
1	1	0.987412989242
0	0	0.264699208209
0	0	0.126152750582
1	1	0.628659536174
1	1	0.815420310465
1	1	0.8958435669
0	1	0.993428893454
1	0	0.351348092449
1	1	0.856179589639
0	1	0.73908647565
0	1	0.724478249696
0	0	0.1485859024
0	0	0.489459662817
1	1	0.983273823258
0	1	0.814118640792
0	0	0.24999740418
0	1	0.563225550837
1	1	0.794467168446
1	0	0.0611027569348
0	1	0.959526167703
0	0	0.483155709386
1	1	0.596201635689
1	1	0.851013600119
1	1	0.892704353313
0	1	0.589885150503
0	1	0.975111270447
1	1	0.821131691647
1	1	0.503854443854
1	1	0.661022437907
1	1	0.842227722377
1	0	0.174718536037
0	1	0.928439913518
1	1	0.993267819623
1	0	0.495243151229
0	1	0.749974719312
0	0	0.328526523331
1	1	0.708250536846
1	1	0.894361804202
1	1	0.961405807744
0	1	0.70721385605
0	0	0.336211499185
1	1	0.875201191477
0	1	0.963155306735
0	1	0.750986471048
1	1	0.805616397921
1	1	0.875983605107
1	1	0.998408572005
1	1	0.629215725496
0	0	0.231026725198
1	1	0.862798378872
1	1	0.949632312805
1	1	0.890050434914
1	1	0.871110897976
0	1	0.503727634433
0	1	0.788099886484
0	1	0.902642430564
0	0	0.279242322958
1	1	0.985996260359
1	1	0.988674916436
1	0	0.345105786922
1	1	0.706829070287
1	1	0.999820542461
0	1	0.954221847227
1	1	0.990379502157
1	1	0.957773499196
0	0	0.290593205508
0	0	0.290321698208
1	0	0.00256571331985
0	0	0.29512174002
1	1	0.923271311241
1	0	0.0690708982
0	0	0.0432375525181
1	1	0.832799299932
1	1	0.990792899326
0	0	0.209394546187
1	1	0.955346994872
1	1	0.827568130517
1	1	0.985332057038
0	1	0.556763293684
1	1	0.882027813926
0	1	0.822453642099
1	1	0.862410803575
1	1	0.503296601491
0	1	0.613814586225
1	1	0.942077346916
1	1	0.977214235672
0	0	0.211810149407
0	0	0.437406614109
1	0	0.0414913547882
1	1	0.695240964586
0	1	0.998893751971
0	0	0.0273526155056
1	1	0.982426817002
0	0	0.0543143384977
0	1	0.766903553017
0	1	0.532060169952
0	0	0.109403030381
0	1	0.824727194723
0	1	0.502690988386
0	0	0.102574974273
0	1	0.713241064414
1	1	0.977689648158
1	0	0.429056792364
0	1	0.723455289859
0	1	0.820810143855
1	0	0.492087346108
1	1	0.863112067576
0	1	0.915683852991
1	1	0.734863715076
0	0	0.0161251640772
0	0	0.123003392542
0	0	0.15956701929
0	0	0.225254852859
0	1	0.724372448349
0	1	0.95235292967
1	1	0.533726456107
1	1	0.771867869315
1	1	0.966127993189
1	1	0.914332394666
1	1	0.973511582927
0	1	0.803615569946
0	1	0.959895486992
1	1	0.96864422778
1	1	0.900381270797
1	1	0.742512522863
0	1	0.836104167097
0	0	0.444162053396
0	1	0.520039659432
0	1	0.522072406381
0	0	0.112640470437
0	0	0.25732610601
0	1	0.941164171676
0	0	0.374405636981
1	1	0.523527019125
1	1	0.971641106891
0	1	0.915292653135
0	1	0.908669823874
0	0	0.351329270272
1	1	0.997961720715
1	1	0.652984571523
0	1	0.745890937097
0	1	0.881690338595
0	0	0.444480463582
0	1	0.8232446272
1	1	0.991395438401
1	1	0.781325848747
1	1	0.959644965637
0	1	0.52920900632
0	1	0.936274780838
1	1	0.965343698471
1	1	0.933416764207
1	1	0.968578182733
0	1	0.947522451195
1	0	0.135403299055
1	1	0.806623822862
0	1	0.608728725036
1	1	0.808839437719
0	1	0.998059838661
1	1	0.89744939665
1	1	0.596155562133
1	1	0.979248438105
1	1	0.906581088319
1	1	0.725500034382
0	0	0.495467120686
0	0	0.380314275274
0	1	0.855330950613
1	1	0.811133448475
1	1	0.98851425146
1	1	0.998537352347
0	0	0.30398086192
1	1	0.800946010186
1	1	0.996097203701
0	1	0.515677358002
0	1	0.994221211169
1	1	0.902379781835
0	0	0.414587921213
1	1	0.999681275672
1	1	0.535889702231
0	1	0.998754215204
0	1	0.533605412224
1	1	0.772228795721
1	1	0.795345543736
1	1	0.970164971294
1	1	0.99953740853
1	1	0.854163050897
1	0	0.113171253075
1	1	0.965086997714
0	0	0.277063030141
0	1	0.831106358234
0	0	0.194072165874
0	0	0.461504767185
0	0	0.0453355714381
1	1	0.733400465396
1	1	0.976561011791
0	1	0.701138996981
0	1	0.979276392915
1	1	0.960024175051
0	1	0.719933908974
0	1	0.957597110609
0	1	0.617764664558
0	1	0.852129171641
0	0	0.46621550253
0	1	0.974144131415
1	1	0.944804616038
0	0	0.0639610274885
1	1	0.972343037473
0	0	0.186046254057
1	1	0.543798444655
0	1	0.584607773975
1	1	0.984444141265
1	1	0.924557584039
1	1	0.99926083359
0	1	0.975656497685
0	1	0.982419169194
1	0	0.460720557916
0	0	0.230633266339
1	1	0.995694986728
1	1	0.996917436841
0	1	0.928326264277
0	1	0.737198439937
1	1	0.936564217928
1	1	0.500270450354
0	1	0.686408194578
1	1	0.969111684837
0	1	0.724298462084
0	1	0.998667873452
0	1	0.865343996847
1	1	0.867776252891
1	1	0.756224964672
0	1	0.521754043474
1	1	0.837476014745
1	1	0.93309517695
1	1	0.78787138711
1	0	0.29741234355
0	0	0.314859575738
1	0	0.344807856635
1	1	0.908591767712
0	1	0.947056762351
0	1	0.717798165153
0	1	0.969058485332
1	0	0.0887242207068
0	1	0.530188138951
0	0	0.20691601433
0	1	0.993029312481
1	1	0.878856511828
1	1	0.795853328854
0	0	0.0733329785358
0	1	0.972259156964
0	0	0.0191890497946
1	1	0.60125487265
1	1	0.982948337329
1	1	0.990202582121
1	1	0.952425434615
0	0	0.20260658166
1	0	0.396052554473
0	0	0.294448521904
1	1	0.996611055263
0	0	0.000687808415526
0	1	0.614004828208
1	0	0.0641007158777
0	0	0.120140414161
1	1	0.87453672053
0	1	0.692820872838
1	1	0.990546536015
1	1	0.7302706416
0	1	0.669934750891
0	1	0.590430038902
0	0	0.0173484008735
0	1	0.969854983005
0	1	0.592216774058
0	1	0.873728355235
0	1	0.975679045418
1	1	0.72957890496
0	1	0.916703404959
0	0	0.421208369153
1	1	0.749318749705
0	0	0.320459048401
1	1	0.612181535476
0	0	0.208622268376
1	1	0.960760827537
1	1	0.985702426009
1	1	0.660963011498
0	1	0.817711397741
1	1	0.992776137667
1	1	0.911323580481
1	1	0.92762274831
1	0	0.333581535658
0	1	0.525410024451
0	1	0.78087404795
0	1	0.835834286862
0	1	0.967683445029
0	1	0.523930018727
0	1	0.559046708813
0	0	0.235303628968
1	0	0.136213183999
1	1	0.888792097201
0	0	0.402493011382
0	1	0.970433475244
1	1	0.981517417222
0	1	0.508324043238
1	1	0.905601370381
0	1	0.514208953316
1	1	0.996145050149
1	1	0.940611253129
0	1	0.610711597842
1	0	0.378771122465
1	1	0.997062523286
0	1	0.528337124331
1	0	0.418337963628
1	1	0.774575943878
1	1	0.987032533216
1	1	0.959265175782
1	1	0.825123447902
1	0	0.343100746185
0	0	0.112837757075
0	1	0.692626254594
1	1	0.91838481373
1	1	0.57355156867
1	1	0.540960422268
1	1	0.925554304031
1	1	0.969609436124
1	1	0.593895462682
1	0	0.241658050295
0	0	0.141120902366
1	1	0.923680930507
1	0	0.334714271619
1	1	0.980417296935
0	0	0.253700533121
0	1	0.526169512587
0	1	0.853959535855
0	1	0.64730124693
1	1	0.966617226893
0	1	0.768474590343
0	1	0.987488358496
1	1	0.892598025528
1	1	0.883444515062
1	1	0.651956563126
1	1	0.604244648858
0	1	0.928138079168
1	0	0.463116080343
0	1	0.936025650198
1	0	0.27015691314
0	1	0.974477695998
1	1	0.96182434887
0	0	0.0138958174337
1	0	0.46112194467
0	0	0.289147991886
0	1	0.814375443924
0	1	0.989202487981
1	1	0.96536468677
0	1	0.988787587626
1	1	0.642224360756
1	1	0.754061469784
1	1	0.996209720624
1	1	0.994704514438
1	1	0.850447559327
0	0	0.391852559221
1	1	0.831165249157
1	1	0.993662921062
1	1	0.589021137393
0	1	0.894605226426
0	0	0.373624176178
0	1	0.782544051908
0	1	0.995283036402
1	1	0.916686025887
0	1	0.676631388931
1	1	0.869843725322
1	1	0.555739077077
0	1	0.530399869906
1	1	0.680285277466
1	0	0.225929999268
1	1	0.954565787185
1	1	0.976691345402
1	0	0.487328265381
0	1	0.879016820788
1	1	0.779422801076
0	1	0.974650668041
1	1	0.951827242264
0	1	0.964324931321
1	1	0.894284680818
0	1	0.644804631847
1	1	0.742028816525
1	1	0.959211834141
1	1	0.550957234011
1	1	0.614732425369
0	1	0.546121987081
1	1	0.708982305739
1	1	0.620648274347
1	1	0.986024857024
1	1	0.558508030314
1	1	0.935186814397
1	1	0.998649026417
0	1	0.959214594874
1	1	0.883347924148
0	0	0.0797743170156
0	0	0.28825278979
0	0	0.232015581134
1	1	0.995163611896
1	1	0.701264122717
0	1	0.561920956642
0	0	0.0361851911635
0	0	0.298946889836
0	1	0.902739007255
0	1	0.667771304682
1	1	0.984165850363
1	1	0.977645205445
1	1	0.930226744354
1	0	0.449042139966
1	0	0.418770499563
1	1	0.728072846236
0	1	0.708738950284
0	1	0.829793316303
0	1	0.996904108052
0	1	0.653912832415
0	0	0.2104258665
1	1	0.576872319037
1	1	0.871685349416
1	1	0.999708097581
1	1	0.836142912681
1	1	0.576255978206
1	1	0.996688736827
0	1	0.792159582243
1	1	0.844495172913
0	1	0.663497893337
0	0	0.441666218011
1	1	0.95674977202
0	0	0.0535501075754
0	0	0.382124186941
1	1	0.934434740424
1	1	0.838372776525
1	1	0.966964595533
0	1	0.850215497749
0	1	0.572916029772
1	0	0.24235715649
0	1	0.75141965149
1	1	0.999111709921
0	1	0.959887601439
1	1	0.71881970345
0	1	0.774425513102
0	0	0.399578616941
0	0	0.216748044111
0	1	0.50989528774
1	1	0.753178592985
1	1	0.883934177086
0	1	0.629767185628
1	1	0.899232911214
1	1	0.86719122599
0	1	0.844920065096
1	1	0.805165459859
1	1	0.993897208698
0	0	0.170607452964
1	1	0.532106130757
1	1	0.80957672039
0	1	0.591131252927
1	0	0.15545473532
0	1	0.914989959636
0	0	0.321040913443
0	1	0.977063247352
0	1	0.87664613867
0	0	0.214156709917
0	0	0.335200419775
1	1	0.643370253893
1	1	0.734597579579
1	1	0.892379060094
1	1	0.78981412558
1	1	0.97220737435
1	1	0.922064667266
0	1	0.990946167206
1	1	0.629820933936
1	1	0.775873649503
1	0	0.468573966003
1	1	0.938433583334
1	1	0.96957888672
0	1	0.811500517518
0	0	0.00794615662552
1	1	0.882230215701
0	0	0.441954005304
1	1	0.97999990713
1	0	0.171047927543
0	1	0.711091093695
1	1	0.992746158995
1	0	0.199868719961
1	1	0.98377223792
0	1	0.985178446963
1	1	0.988815544438
0	0	0.296684978153
1	1	0.512758619396
1	1	0.86886386764
1	1	0.835971532316
1	1	0.830954586526
0	0	0.198847088773
1	1	0.998189080556
1	1	0.571272619729
1	0	0.393578844463
1	1	0.977954727249
1	1	0.985137505974
0	1	0.846627818285
0	1	0.977438271426
1	1	0.825986209835
0	1	0.965574591867
1	1	0.993325042028
0	1	0.915988420515
0	0	0.181270960441
1	1	0.999202794183
1	0	0.412276427416
1	1	0.952657611726
1	1	0.983593378218
1	1	0.857891839488
1	1	0.853978634339
1	1	0.91829363592
1	0	0.116257306064
0	1	0.96630449197
0	1	0.786640556428
0	1	0.846409204957
0	1	0.927213088398
0	1	0.88284957206
0	1	0.883923612073
1	1	0.905228240549
1	1	0.527718616638
1	1	0.88802878241
1	1	0.813301232009
0	0	0.0330673969736
0	1	0.935443129203
1	0	0.25737042982
1	1	0.966250847575
0	1	0.918524428829
0	0	0.154586389326
1	1	0.724611027002
1	1	0.927252214666
0	1	0.810943996979
1	1	0.724205776567
1	1	0.687683608462
1	0	0.448643422883
1	1	0.978760407869
0	1	0.658034410302
0	0	0.465482708838
0	0	0.0125375242221
1	1	0.575274712657
0	1	0.80661413828
0	1	0.777277201185
1	1	0.995147038571
0	0	0.469667768441
1	1	0.967204494019
0	1	0.906769482803
1	1	0.815786577303
1	1	0.990387267949
1	1	0.559835238849
0	1	0.877625126168
1	1	0.971232943042
0	0	0.477668348916
1	1	0.960749642263
1	1	0.851115428055
0	1	0.851999869637
1	1	0.666522265895
0	0	0.484755005335
0	1	0.611407429491
0	1	0.646567319239
1	1	0.845393920317
0	1	0.894426878335
0	1	0.920314000553
0	0	0.321317486794
1	0	0.124592898929
0	1	0.752681373308
1	1	0.996465713621
0	0	0.251492256321
0	0	0.197902738412
1	1	0.742052166747
1	1	0.739761997133
0	1	0.850283872029
0	1	0.962046708352
1	1	0.756441514728
1	1	0.870595776713
0	0	0.135870912973
0	0	0.173603317258
1	1	0.999369599331
1	1	0.801635000015
0	0	0.0373462785103
0	1	0.869965160161
1	1	0.988351683823
1	0	0.140552096297
1	1	0.650740258817
0	0	0.168149040204
0	1	0.79490943728
1	1	0.755970099384
0	1	0.796272307566
1	1	0.99994741079
1	1	0.972948846891
1	1	0.892746168011
1	1	0.660322780001
1	1	0.972766697816
1	0	0.193320595118
0	1	0.875976972464
1	1	0.950701666168
1	1	0.811962532158
0	1	0.510946216369
1	1	0.909768170717
1	1	0.961193677221
1	1	0.849366752866
1	1	0.664286613622
1	1	0.747386689048
1	0	0.11035410608
0	1	0.803324584126
0	1	0.976836169983
1	1	0.926506380458
1	1	0.815199165314
0	0	0.0549256476115
1	1	0.508190746897
1	0	0.0712857065293
1	1	0.888405588141
0	1	0.66210270419
1	1	0.855124051276
1	0	0.306180682343
0	1	0.984944538391
1	1	0.672772843015
1	1	0.871126873155
0	1	0.795204365367
1	1	0.64897853062
0	0	0.454155022425
0	1	0.969045008143
0	0	0.0397969010385
0	1	0.759581111523
0	1	0.6789365138
0	1	0.642982394177
1	1	0.994650099479
1	1	0.843906767139
0	0	0.261992212523
0	1	0.653768558272
0	1	0.613518766561
0	1	0.766458704591
0	1	0.942305057093
1	1	0.710371277196
1	1	0.942996584433
1	0	0.42313046143
0	1	0.563672864003
0	0	0.06354709116
1	1	0.845624724257
0	1	0.987878975105
1	1	0.979878612281
1	1	0.926373421331
0	0	0.42519353459
1	1	0.598655700592
1	1	0.876758832506
1	0	0.455494278663
1	0	0.426031248975
0	1	0.888843726714
0	1	0.970273388982
0	1	0.501145629664
1	0	0.0252555993822
0	1	0.964954421271
0	1	0.854512808577
1	1	0.764359290247
0	1	0.694187518124
1	1	0.940668566198
1	0	0.496999763944
0	1	0.938438883079
1	1	0.84406344801
0	0	0.172598031089
1	1	0.989355572174
1	1	0.925601266335
1	1	0.692802984171
0	1	0.586076700437
1	1	0.931365826088
1	1	0.678855542139
1	1	0.999300812534
1	0	0.424324910538
0	1	0.989053986767
0	1	0.94562284382
1	1	0.735373005444
0	1	0.987231569029
1	1	0.830916751959
1	1	0.837761243947
0	0	0.299254854033
0	0	0.044931273819
0	0	0.452940943198
0	1	0.679759088437
1	1	0.808556745578
1	1	0.652868430809
0	1	0.730320588565
1	1	0.959703989468
0	1	0.956749961834
0	1	0.570382577207
1	1	0.994208159772
1	0	0.333329694131
0	1	0.70615855748
1	1	0.888888250617
0	0	0.407737114008
1	1	0.960148645414
1	1	0.894181341783
0	1	0.774134493766
0	0	0.119544345683
1	1	0.906782388391
0	1	0.939801446964
0	1	0.926616688696
0	1	0.90990138769
1	1	0.983139735968
1	1	0.989230940398
1	1	0.970917123931
0	0	0.0984276916761
0	0	0.0740076104477
0	1	0.665138127832
1	1	0.99544364379
1	1	0.801538403978
1	1	0.976344434837
0	1	0.959717591613
0	0	0.184667819842
1	1	0.94628137788
0	1	0.77311058809
0	0	0.306269997277
1	1	0.986955205416
1	1	0.978708442238
0	1	0.719988358438
0	0	0.40106565036
1	0	0.387635996854
0	1	0.990928572489
1	1	0.577449011655
0	0	0.0668504696147
0	1	0.912563814636
1	1	0.986768675285
1	1	0.821379475065
0	1	0.896311170201
0	1	0.754866800762
0	1	0.648556416956
0	1	0.574228282716
1	1	0.538355187003
1	1	0.579723173369
0	0	0.219237554539
0	1	0.647392123069
1	1	0.942855907979
0	0	0.178492770742
1	1	0.562880200363
1	1	0.982105283716
1	0	0.104462905677
0	1	0.977205306482
0	1	0.801166617241
1	1	0.818109620541
1	1	0.994327489945
0	0	0.318578391244
0	1	0.88454529446
0	1	0.886842035646
0	0	0.18563255058
1	1	0.56885105802
1	0	0.291261084312
1	1	0.940555253086
1	1	0.65246858685
0	1	0.966380157644
1	1	0.998267262967
1	0	0.341446308838
1	1	0.79045557575
0	1	0.957392832453
0	1	0.696620410593
1	1	0.998328814717
1	1	0.930482068831
1	1	0.98812104339
1	1	0.89361802032
1	1	0.95771812446
0	1	0.636314983218
0	1	0.524029005707
0	1	0.813410712069
1	1	0.9882529853
1	0	0.401831626039
0	1	0.973424989174
1	1	0.803405709229
1	0	0.410723771777
1	1	0.848653485603
0	0	0.132105034143
0	1	0.738101053368
1	1	0.675044824085
1	0	0.261559114341
1	1	0.592211360821
1	1	0.645690599943
1	1	0.793299580267
1	1	0.57819304452
0	0	0.0337525118314
0	1	0.824756691733
0	0	0.254097423094
1	1	0.869534680727
0	0	0.0870205943968
0	1	0.90725378517
1	1	0.930226263992
1	1	0.648285742186
1	1	0.709064596088
1	0	0.171963888944
0	0	0.371079439207
0	1	0.71730462233
0	0	0.441594991648
1	1	0.925558622599
0	1	0.646111149077
0	0	0.156715456281
1	0	0.0519419834949
0	0	0.489447223981
0	1	0.972973442663
1	0	0.480171570733
0	1	0.708680442613
1	1	0.995083304972
0	1	0.960279623074
1	1	0.915153838128
0	0	0.472634312822
0	1	0.941174792044
0	1	0.665078762121
1	1	0.669313282467
0	0	0.345023212074
1	1	0.995364027907
0	0	0.00978992412445
0	1	0.754520744868
1	1	0.998723056045
0	1	0.763357606007
1	1	0.725504541283
0	1	0.720823668378
0	1	0.710297786441
1	1	0.941757395081
0	1	0.526911618054
1	1	0.712566312862
0	1	0.788408074099
0	1	0.727141308075
0	0	0.121446239597
1	1	0.996031760499
1	0	0.300527232176
1	1	0.689095950341
1	0	0.459094730637
1	0	0.339845090016
1	1	0.980992844259
1	1	0.742619926908
1	1	0.71576108541
1	1	0.951107730456
1	1	0.884146408414
1	1	0.984606941288
0	1	0.717158875892
1	0	0.388403618992
1	1	0.938575183129
0	1	0.995078382427
1	1	0.989429940094
1	1	0.792472919119
1	1	0.963285937553
0	1	0.851599254806
1	0	0.247550338371
1	1	0.998371445968
1	1	0.66821101619
1	1	0.995979256152
1	1	0.945023166723
0	1	0.923293372848
0	1	0.88985970008
1	1	0.944254480071
1	1	0.907447704708
0	1	0.526952605104
1	1	0.924081375954
0	0	0.254256710747
1	1	0.938199357001
0	1	0.991786301232
1	1	0.96461219272
1	1	0.988591517803
0	0	0.309686215308
0	0	0.340859204295
0	1	0.809293577663
1	0	0.132860534707
1	1	0.945242152098
1	1	0.602100910352
1	1	0.988298358021
0	0	0.0470232322307
1	1	0.749961143215
0	0	0.0407409494633
1	1	0.672756168981
1	1	0.849569388851
1	1	0.598884513629
0	1	0.930182642097
0	1	0.895189033889
0	0	0.344700640778
1	1	0.937303560655
1	1	0.723887822602
1	1	0.919418202821
1	1	0.789484784247
0	1	0.561424649883
0	0	0.435243261074
0	1	0.901078614363
0	0	0.262923045076
0	0	0.00405258869036
1	1	0.696646587579
0	1	0.702718319088
1	1	0.728173761387
0	0	0.0702600270454
1	1	0.777590644073
1	1	0.978141637789
1	1	0.733432618392
0	1	0.611297196118
1	1	0.979316297745
1	1	0.871999022166
0	0	0.197740324244
0	1	0.886820904763
1	1	0.992622989246
1	0	0.465218660123
1	1	0.951922580172
1	1	0.94103164299
0	1	0.662075077845
0	1	0.989987517652
0	0	0.436036784215
1	0	0.448071477918
1	1	0.763170962254
1	1	0.874304008451
1	1	0.994887227049
1	1	0.95386717281
1	1	0.937234352594
0	1	0.530345219535
0	1	0.664702737865
1	1	0.553347617358
1	0	0.490463418926
1	1	0.930232024322
0	0	0.409054132406
1	1	0.930890670823
1	0	0.366932828539
1	1	0.615430889049
0	0	0.135635283801
1	1	0.865163029922
1	1	0.704617358511
1	1	0.831492761699
0	0	0.00406873605867
0	0	0.211483790072
1	1	0.741073094273
0	1	0.91676031138
0	0	0.0576729757406
1	1	0.938722679998
1	1	0.813064273317
0	1	0.803159457139
0	1	0.886383713548
0	1	0.794892998208
0	1	0.605299718686
0	1	0.737861718305
1	1	0.804950202868
1	0	0.0342218621272
0	1	0.648084759796
1	0	0.166038320046
1	1	0.670120552364
0	0	0.355115726373
1	1	0.633822676941
1	1	0.69712540293
0	0	0.401544662704
1	1	0.926732153302
0	1	0.949440619683
1	1	0.64770713782
1	1	0.743958658034
1	1	0.702041084127
0	0	0.208411095236
1	0	0.337043882611
1	1	0.997050553006
1	0	0.262597024603
0	1	0.818993526753
0	1	0.970036372065
1	1	0.936360430335
0	0	0.362207601056
1	1	0.82509526878
1	1	0.667741432445
1	1	0.92601147385
0	1	0.635779734335
1	1	0.90024084723
0	1	0.727407964578
1	1	0.867248113591
0	0	0.446414470531
0	0	0.206401730955
1	1	0.963507986385
0	1	0.917560913738
1	1	0.749169238786
1	1	0.609842526476
1	0	0.154827746646
1	1	0.997353562624
0	1	0.544731562257
1	0	0.318780534915
1	0	0.323105448636
0	1	0.993629918249
0	0	0.140026553375
1	1	0.64186465954
0	1	0.549460103097
1	1	0.722942353319
1	1	0.809531772973
0	0	0.161285474406
1	1	0.987292314227
1	1	0.730961802868
1	1	0.951719846542
1	0	0.277253105182
1	1	0.763649561746
1	1	0.751471428548
1	1	0.756147574181
0	0	0.0465386381993
1	0	0.438172748256
0	1	0.569114374281
0	1	0.893561580535
0	1	0.910790497667
0	0	0.0879979080238
0	0	0.16914121124
0	1	0.779295253522
1	1	0.695330737296
0	1	0.595445999699
0	0	0.243822854362
1	1	0.905329143456
0	1	0.975987421298
1	1	0.73438968497
0	1	0.761861535998
1	1	0.942985242231
0	1	0.913915703805
0	0	0.414266507369
0	1	0.838362925911
1	0	0.456274725282
1	1	0.606567951371
0	1	0.947930842147
1	1	0.588670444738
1	0	0.311627957682
0	1	0.902767137439
0	1	0.910345368148
0	1	0.873772563028
1	1	0.997771771916
1	1	0.999049155269
0	1	0.840859977257
0	1	0.893598083253
1	0	0.0783191851841
0	1	0.920324320554
1	1	0.865379588873
1	1	0.899766496066
0	1	0.818768545164
0	1	0.855762000938
1	1	0.533697692343
1	0	0.4111061397
1	1	0.726724284385
0	1	0.834274023218
0	1	0.948001170742
0	0	0.154607545775
1	1	0.964247900662
1	0	0.308177208757
0	0	0.186233789555
0	0	0.440969334734
1	1	0.946259995095
1	0	0.413933645208
1	1	0.892312944332
0	1	0.549377455723
1	1	0.837289359308
1	1	0.977758022573
0	1	0.71250553177
0	1	0.649307164614
1	1	0.619564799808
0	1	0.809459938446
1	0	0.446484292183
1	1	0.565284700418
0	1	0.975809236748
0	1	0.639833601416
1	1	0.905741211499
1	1	0.902351921049
1	1	0.99408541879
0	0	0.0582137953606
1	1	0.987333081794
0	1	0.864144385659
0	1	0.590724476886
1	1	0.548718204976
1	1	0.997987847178
1	1	0.995464285215
1	1	0.973981801929
0	1	0.935652779802
1	1	0.952977617444
0	1	0.572543869908
1	1	0.919611271019
1	1	0.944949274817
0	1	0.934572773461
0	1	0.734979431057
1	1	0.70452413441
0	1	0.698347513454
1	1	0.84348787642
0	1	0.873502645439
1	1	0.840602950376
0	1	0.571458860703
0	1	0.971261747236
0	1	0.786381222314
0	1	0.617331407297
0	1	0.877274477523
1	0	0.368469028774
0	1	0.928255104654
1	1	0.651272121292
1	0	0.484914154515
0	1	0.715031628445
1	1	0.691700965717
0	0	0.156343194448
0	0	0.478023906886
0	1	0.734985052512
0	1	0.98290243261
0	1	0.918305842805
0	1	0.885771461186
0	0	0.474650139101
0	0	0.492579822057
1	1	0.737330504267
0	0	0.287625237811
0	1	0.89573176145
1	1	0.691569076142
1	1	0.99056362999
0	0	0.273645587209
1	1	0.918457254327
1	1	0.923736514028
0	0	0.00971736005785
0	0	0.415655115997
1	1	0.995139446567
0	0	0.0314455054016
1	1	0.607838073129
1	1	0.890493508095
0	1	0.972068474912
0	1	0.930847062238
1	1	0.919749002233
0	1	0.964089878546
0	1	0.771316976258
0	1	0.819553485125
1	1	0.639020590211
0	1	0.964755445383
0	1	0.635633519689
1	1	0.967011241019
1	1	0.932588197383
0	1	0.627549247086
0	1	0.8885188913
0	1	0.995444659852
1	1	0.587036424047
1	1	0.540818580027
1	1	0.985442517979
0	1	0.794653749283
1	1	0.879030722121
0	0	0.156361613227
1	1	0.702090404037
0	0	0.294587022248
1	1	0.670539840623
0	0	0.351673980179
0	1	0.959382159967
1	1	0.793465457795
0	1	0.806422098474
0	0	0.328303643527
1	1	0.847375531055
1	1	0.946025599502
1	1	0.949682445815
0	1	0.793843874118
1	1	0.833883933939
1	1	0.997160242569
0	1	0.866589975371
0	1	0.705655569519
1	0	0.241022646374
0	0	0.137588657926
0	0	0.318924600404
1	1	0.606436160161
1	1	0.60999482033
1	1	0.970112355495
0	1	0.788836480234
0	0	0.24360546225
0	0	0.285690432366
1	0	0.139177204394
0	0	0.158547660575
1	1	0.894030051037
1	0	0.338169472161
0	1	0.989223272957
0	0	0.154944674645
