1	1	0.98229634718
1	1	0.939518494123
1	1	0.613396422512
1	1	0.800807977446
1	1	0.800846305713
1	1	0.976813564823
1	1	0.989816434544
0	1	0.734098495544
1	0	0.16176719725
0	1	0.916972573536
1	1	0.986068631897
0	1	0.895594781608
0	1	0.957140219188
1	0	0.454658822249
1	1	0.86119268236
0	0	0.24839180708
1	1	0.851347850758
0	1	0.820498385437
1	1	0.948586773094
1	1	0.784938532727
1	1	0.9982623043
1	0	0.400818588075
1	1	0.585162985994
1	1	0.815760099584
0	1	0.662329284746
1	1	0.992267881035
1	1	0.96583611489
0	1	0.720611803292
1	1	0.629764143703
0	1	0.979639389717
1	1	0.942573321821
1	1	0.931939803337
0	1	0.931792819725
1	1	0.924129843248
0	1	0.691725194891
0	1	0.581875844571
0	1	0.980761094404
0	1	0.915308551934
1	1	0.916166665668
0	1	0.501348513676
0	1	0.58481091003
1	0	0.0716323321845
0	0	0.456056877218
1	1	0.746619523015
1	1	0.652445612933
1	0	0.121913979125
0	1	0.787481705852
1	1	0.998572713491
1	0	0.100573228969
1	0	0.464768997981
1	1	0.752391038585
0	1	0.647834387571
0	1	0.726786712934
1	0	0.489335167347
1	0	0.456899348871
1	1	0.798959950528
1	1	0.888630144583
1	1	0.777910223801
1	1	0.902557081239
1	0	0.341215204451
0	1	0.782884622724
1	1	0.717332220325
0	1	0.943197928073
1	0	0.151984824835
1	1	0.659112956489
1	1	0.706666660999
0	1	0.91598249894
1	1	0.992448061823
1	1	0.848412554114
1	1	0.813257153675
1	1	0.831101590779
1	1	0.807809553622
0	0	0.346380197837
0	1	0.903359707535
1	1	0.915020358971
1	1	0.898068843708
0	1	0.618169028486
0	1	0.617623038586
0	0	0.161532874517
1	0	0.488866120103
0	1	0.797418346797
0	1	0.92565002367
1	1	0.73411110632
1	1	0.909476768292
1	0	0.227059846218
0	0	0.105111370892
0	0	0.0341418234713
1	1	0.926976585402
0	1	0.965633225026
0	1	0.563965950537
0	0	0.310971748297
1	1	0.874872401608
1	1	0.78935546326
0	1	0.838049403222
1	1	0.936047667338
1	1	0.764603271165
0	1	0.599373910408
1	1	0.977037457863
0	1	0.909006129614
0	0	0.415767867579
1	0	0.457439715137
1	1	0.960998703708
0	1	0.807381229577
1	1	0.61160884415
1	1	0.958686909291
1	1	0.629165040122
1	1	0.988611382802
1	1	0.745997157357
1	1	0.898897695251
0	0	0.258105093573
1	1	0.951821360213
0	0	0.375732026114
0	0	0.105578966021
0	1	0.974189593395
0	1	0.9086019883
1	1	0.765502764561
1	1	0.769388688194
1	1	0.913134639383
0	1	0.920484675725
0	1	0.596452653929
0	0	0.00665290664517
0	0	0.284772091879
1	1	0.988340489363
0	1	0.948067006334
1	1	0.646862807285
0	0	0.0884577541348
0	0	0.140462356316
0	1	0.964388041958
1	1	0.952473119393
0	0	0.182591966757
1	1	0.907041009598
1	1	0.919482127658
1	1	0.815912803074
1	0	0.285559522037
1	0	0.180798307406
1	1	0.994578206955
1	1	0.857511307567
1	0	0.472397879078
1	1	0.855908701852
1	1	0.895173878011
0	0	0.0337088162857
1	1	0.789467466928
1	1	0.811975134886
0	1	0.830685055298
1	1	0.94162653281
1	0	0.396798249776
0	1	0.515330682532
0	1	0.99924608149
1	0	0.129329111381
0	1	0.771041588831
1	1	0.805218047385
0	0	0.0879624678076
1	1	0.681729684157
0	1	0.983388507847
0	0	0.385117334474
1	1	0.670529308977
1	1	0.817823696603
0	0	0.140489575513
1	1	0.940942722077
1	1	0.739548166347
1	0	0.25272293197
1	1	0.850044690414
0	0	0.289407469616
0	1	0.580247514655
1	1	0.822875365259
0	1	0.979859718363
0	1	0.992237629174
0	1	0.974152560057
1	1	0.907467319744
1	1	0.919477485138
0	0	0.430231966959
1	1	0.973607426414
0	0	0.491547902568
0	1	0.919852589095
1	0	0.143548137429
0	1	0.860714989371
0	1	0.845363710248
1	1	0.765769785942
0	1	0.56810403281
1	1	0.955966452575
0	1	0.900898761268
1	1	0.920651115509
1	1	0.732263767143
1	1	0.989993699484
0	0	0.334722301398
1	0	0.315047797953
1	0	0.425612023761
1	1	0.769809308176
0	0	0.463094310034
0	1	0.830404047715
0	1	0.995301576808
1	0	0.399279999218
0	1	0.556558933313
0	1	0.938402090704
0	1	0.986044294368
1	1	0.995198710166
0	0	0.107153230646
1	1	0.71067576827
0	0	0.418081697924
0	1	0.830578942523
0	0	0.202262414112
1	1	0.890081936845
0	1	0.98650358264
0	1	0.655854710775
1	1	0.953850842045
1	1	0.680786698177
0	0	0.206221931607
1	1	0.713970671181
1	1	0.575179940259
0	1	0.657655260188
0	0	0.0036834586374
0	1	0.861760031872
1	0	0.401430409181
0	1	0.997428503556
1	1	0.875903693488
1	1	0.979289090037
0	1	0.52824973807
1	0	0.183894151404
0	1	0.589728238118
0	1	0.617831346466
0	1	0.696715934248
0	1	0.958084651505
0	1	0.676216172091
0	1	0.95134281741
0	1	0.723795103682
0	0	0.417212668751
1	1	0.905469524881
0	1	0.565465087844
1	0	0.113597037485
1	1	0.630085923751
0	1	0.977361973919
1	1	0.806973671378
1	1	0.989648910561
1	1	0.983451384465
1	0	0.445203275892
1	0	0.0575999806004
0	1	0.9926524888
1	0	0.0256320617751
0	1	0.883091724156
1	0	0.448933242054
0	0	0.0390633627089
1	1	0.702521330373
0	1	0.757811544378
0	0	0.0509458913269
1	1	0.99248355536
1	1	0.571341036133
0	1	0.87862380119
1	1	0.983877746342
1	0	0.395391677844
1	1	0.899809593064
0	0	0.359257411495
0	1	0.660238866171
1	1	0.588553351401
0	1	0.779708692841
0	1	0.655161171204
0	0	0.143512321608
1	0	0.485840907559
0	1	0.830298641914
1	1	0.913339684941
0	1	0.619395494877
0	0	0.487411783199
1	1	0.809854862654
1	1	0.90295960103
0	1	0.976252651782
1	1	0.616687454419
1	1	0.617067415326
1	1	0.853233694036
1	1	0.517440177286
1	1	0.775405772285
0	1	0.545256011308
1	0	0.333921472205
0	0	0.201942327724
0	1	0.55978734145
1	1	0.858859330545
0	1	0.709091831606
1	0	0.311868029533
1	1	0.810036899385
1	1	0.972746196367
0	1	0.92139714689
0	1	0.662130824657
0	0	0.200422262308
0	1	0.539488127348
1	1	0.928149773024
1	0	0.181864314795
1	1	0.501178606506
1	0	0.343638898318
1	1	0.91047155646
1	1	0.764499033114
0	0	0.48528731353
0	0	0.475223589981
1	0	0.0882392111099
1	1	0.900364303196
1	1	0.980862728679
0	1	0.655875329309
0	1	0.95828982476
0	1	0.725696019388
1	1	0.906919017968
1	1	0.673505587558
0	1	0.916046157188
0	1	0.999978166697
1	0	0.23755212857
0	0	0.388441284158
1	1	0.882002887092
1	1	0.782687433855
0	1	0.689254194563
1	0	0.0224801815207
1	1	0.997304528714
1	1	0.935029357166
0	0	0.418350002647
0	1	0.715433906875
1	0	0.167354226276
0	1	0.893333587745
1	1	0.961122096969
0	1	0.631356838388
1	1	0.572769595339
0	0	0.269270815761
1	1	0.925149201317
1	1	0.594982966285
1	0	0.148455181625
1	1	0.79312615568
0	1	0.684738529065
1	1	0.583947996205
1	1	0.562618215262
0	0	0.423773001354
0	0	0.132056399567
1	0	0.289494763442
1	1	0.963170331836
1	1	0.912367151018
0	0	0.0948549862122
0	1	0.997087386169
0	1	0.785632935308
0	1	0.860555807816
0	1	0.523739849934
1	1	0.968909272691
1	0	0.348346681995
0	1	0.737452043402
0	1	0.991861496151
1	1	0.991311261944
0	1	0.985408626259
0	0	0.397310030398
1	1	0.785632319101
1	1	0.536452682257
1	1	0.937659758133
1	1	0.940260069197
1	1	0.654172634183
0	1	0.53824274086
1	1	0.749404222427
1	1	0.597184426673
1	1	0.82706836375
0	1	0.715332932627
1	0	0.490846733971
1	1	0.756716047451
0	1	0.509273981715
1	1	0.815765375855
0	1	0.861151434164
0	1	0.851809312717
0	1	0.630002332093
0	1	0.554796788679
0	0	0.445679427312
0	0	0.449465000726
1	1	0.994328352474
1	1	0.912917570509
1	1	0.839385564669
0	1	0.843202548289
0	0	0.231385353393
1	1	0.812110149532
1	0	0.143201669661
0	1	0.63058630543
1	1	0.807359937072
0	1	0.954165660215
0	1	0.533342324688
0	1	0.942141883559
0	1	0.886792542297
0	1	0.722864382139
1	1	0.960366106052
1	1	0.715310723761
0	1	0.51286345923
1	0	0.0413451223572
0	1	0.555089700318
1	1	0.808337515117
1	0	0.228129053336
1	1	0.651953007974
1	1	0.972556732324
0	1	0.578794720296
0	1	0.909691325209
0	1	0.634242366834
1	1	0.742485983318
0	0	0.203841394489
0	0	0.180983808401
0	1	0.804922946074
1	1	0.664727863901
0	0	0.190413423138
1	1	0.66152910185
1	0	0.239068508289
0	1	0.654952332363
1	1	0.92838779672
1	1	0.721841993162
1	1	0.884941324031
1	1	0.731134883603
0	0	0.196871177302
0	1	0.695656828551
0	0	0.0146237524254
1	1	0.978255702068
1	1	0.645165472272
0	1	0.828488916297
1	0	0.211526256999
0	1	0.614014755789
0	1	0.776126303703
0	0	0.296283434688
1	0	0.407142045882
0	0	0.312439621316
0	1	0.834216758006
0	0	0.153193454457
1	1	0.983297945883
0	1	0.976421837028
1	1	0.750466532266
0	0	0.471865794641
1	1	0.792872996584
1	1	0.902802327099
1	0	0.326285854486
0	0	0.361425360929
1	1	0.992956876195
1	1	0.996389071078
0	0	0.173822977553
0	1	0.902741733295
0	0	0.369879952083
0	1	0.974168012652
0	1	0.760509886749
0	1	0.936312104972
0	1	0.915329351092
0	1	0.978673654155
0	1	0.90770904414
0	1	0.69812469546
0	0	0.466809422885
1	1	0.72426413472
0	0	0.329848192004
0	1	0.972235872944
0	1	0.670477371851
1	0	0.0612812466848
1	1	0.531569772029
1	1	0.98501065256
1	1	0.959959823732
0	1	0.607352389117
0	1	0.556861373095
1	1	0.678747091208
1	1	0.955491130084
0	1	0.943159379049
1	1	0.720462490652
0	1	0.972804628389
0	1	0.912575785938
0	0	0.228647451174
1	1	0.963318887683
1	1	0.792901327387
1	1	0.887188283366
0	1	0.543725951807
0	0	0.248028192973
0	1	0.99002036647
0	0	0.471037089294
0	0	0.248845366914
0	1	0.991277441663
0	0	0.22672799216
0	0	0.479804157639
1	1	0.856918498417
1	1	0.748702033367
1	0	0.490090535495
0	1	0.634042710349
0	0	0.00924901100621
1	1	0.969137523115
0	1	0.950438157804
1	1	0.912459268851
1	1	0.52074958903
1	1	0.94016120197
1	1	0.855592451505
0	1	0.867180871923
0	1	0.59728967659
0	1	0.617373147631
1	1	0.986976469441
0	1	0.920110659976
0	0	0.106742857125
1	1	0.676184303062
1	1	0.822414065083
1	0	0.47570936799
0	1	0.540155134239
1	1	0.982754634719
0	1	0.594608985871
0	1	0.794695813856
1	1	0.720517545633
1	1	0.734584973481
0	0	0.475600709826
1	0	0.0813565384648
1	1	0.773401830701
0	0	0.455212166315
1	1	0.74919660321
1	0	0.338551309206
1	1	0.548741555213
1	1	0.835905239985
0	1	0.523257305787
1	0	0.265450337979
1	1	0.923078777194
0	0	0.433431451805
1	0	0.429757184886
0	0	0.14222432485
0	1	0.574801616912
1	1	0.887076999798
1	1	0.693067701226
1	0	0.459587954163
1	1	0.976452035381
0	0	0.237981433075
1	1	0.71290402058
1	1	0.613409825417
0	1	0.843807017096
1	1	0.773550306491
1	0	0.351921757989
0	0	0.441490023291
1	1	0.584357916066
1	1	0.904032810017
1	0	0.364778724233
1	1	0.862229839748
1	1	0.996551909905
0	0	0.266903851283
0	1	0.786908310438
0	1	0.954964858458
1	1	0.989617311416
1	1	0.580127666355
0	0	0.182692009474
1	1	0.592503381668
0	1	0.650119568159
0	1	0.543896677492
0	0	0.0428635180079
0	1	0.538175155586
1	1	0.55004783668
0	0	0.113939495141
0	0	0.349732814314
1	1	0.8536320783
1	1	0.996004923259
1	1	0.809450077418
1	1	0.887863006776
0	1	0.785063034764
0	0	0.306478710906
1	1	0.839444774728
0	1	0.800035566246
0	0	0.425384824364
0	1	0.783636853826
1	1	0.952109445142
0	1	0.776444146603
0	0	0.092003376324
0	1	0.872236583137
0	1	0.79993046833
1	1	0.947080807744
0	1	0.724102002552
1	0	0.477521003153
1	1	0.972250779262
0	1	0.986525874777
0	1	0.559404117536
0	0	0.341922645612
0	0	0.405514526216
0	1	0.903806102654
0	0	0.274821857938
0	1	0.583184017388
1	1	0.861169309282
0	1	0.910793753957
1	1	0.722904517777
0	1	0.667793843828
1	0	0.202727372664
1	1	0.615327072831
0	0	0.415697068572
1	1	0.634269613595
1	1	0.999979726824
0	1	0.819974755838
0	0	0.453426039925
1	1	0.98330609746
0	0	0.303843128289
1	1	0.9475322605
1	1	0.917811875694
1	0	0.214180511149
1	1	0.841984227893
0	1	0.925057574223
1	1	0.988626424181
0	1	0.965177181634
1	1	0.924991165971
1	0	0.291707159361
1	1	0.906354742874
1	1	0.803111745037
1	1	0.753445752001
0	0	0.00949148399843
1	1	0.904596402904
0	0	0.358530018003
0	1	0.972297625295
0	1	0.509928603367
1	1	0.995533330585
0	1	0.971972586547
0	1	0.925264875249
1	1	0.569405211481
1	0	0.446178310764
1	1	0.810505137184
0	0	0.262285986923
0	0	0.2999446509
0	0	0.493685441397
0	1	0.966181484904
0	1	0.982105030255
0	1	0.624646586837
1	1	0.544313147714
0	1	0.976005407137
0	1	0.78562389596
1	1	0.703541804043
0	1	0.791564955473
0	0	0.382778427655
1	1	0.890435240517
1	1	0.615454255751
1	1	0.959540840725
1	1	0.913185905069
0	1	0.585572655926
0	0	0.305133835545
0	1	0.878396058577
0	0	0.484603712661
1	1	0.875177806966
0	1	0.878641647176
0	0	0.220750991808
0	1	0.875045728259
0	1	0.590894153468
0	0	0.313815522743
0	1	0.718282856827
1	1	0.9002101971
1	1	0.961027834419
1	1	0.993849534816
0	0	0.158073535296
1	0	0.425004037009
0	1	0.855036692671
0	1	0.970447523662
0	1	0.720301245248
1	0	0.307372847829
0	0	0.272279169313
1	1	0.884590502289
0	0	0.422000926972
1	0	0.415895526572
1	1	0.806065857606
1	1	0.984471630126
1	1	0.892705322044
0	1	0.730412185016
1	1	0.682136197992
1	1	0.700554874827
0	1	0.837761231379
0	1	0.921980313479
1	1	0.99334928513
1	0	0.0434489790094
1	1	0.914930769037
1	1	0.829119842091
0	1	0.668061685753
1	1	0.558734485558
1	1	0.988206177852
1	1	0.763252319824
1	1	0.983355375557
1	1	0.987714564399
0	1	0.52625106736
0	1	0.551326963653
0	0	0.454876038449
1	1	0.976995108426
0	0	0.113988966272
0	1	0.538893131948
1	1	0.965646825941
1	1	0.86580892858
1	1	0.911744692296
1	1	0.835373227637
1	1	0.869488138253
1	1	0.882451101791
1	1	0.9660106427
1	0	0.396553936645
1	1	0.997235585655
0	1	0.559972844746
1	1	0.690370184534
0	0	0.165426258341
0	0	0.178032781916
0	1	0.956553669341
1	1	0.954390740609
1	1	0.833136552592
0	1	0.785660081001
1	1	0.982110204679
1	1	0.669599418313
0	0	0.401562223661
0	1	0.99904230899
0	1	0.79678262618
0	1	0.91313117365
1	1	0.879309504346
1	1	0.97411717405
0	1	0.826385217669
1	1	0.981528347441
1	1	0.623055066078
1	1	0.87323924624
0	1	0.678135583795
0	0	0.0494793253961
0	1	0.703867870594
1	1	0.524581899644
0	0	0.161689677612
0	1	0.999981002508
0	1	0.869010476544
1	1	0.924839608186
0	1	0.614729141647
0	1	0.813351271166
0	1	0.711554170734
0	1	0.957610327777
0	1	0.544883547252
1	1	0.583256567805
0	1	0.789707421621
1	0	0.47194286228
1	0	0.13791089573
0	0	0.06377824972
1	1	0.992432035806
0	1	0.568872905015
1	1	0.979300062145
0	0	0.196553377863
0	0	0.229178983673
0	1	0.941476891141
1	0	0.496842718413
1	1	0.993485126749
1	1	0.977763742583
1	1	0.779170628921
0	0	0.358957456893
1	1	0.997483568558
1	1	0.934097848776
0	1	0.944217464383
1	1	0.963158123709
0	1	0.609490685266
1	1	0.785944961878
1	1	0.970378536508
0	1	0.696211290595
0	1	0.86094421588
1	0	0.427652490655
1	1	0.594513123236
0	0	0.334773888859
1	0	0.0200380955994
0	0	0.450986657009
0	0	0.106727580367
1	1	0.825829369365
0	1	0.768264305768
0	0	0.409890709222
1	1	0.773514767356
0	0	0.191772808333
0	1	0.992209353524
1	0	0.429376476554
0	1	0.950905729328
0	1	0.65207742782
0	0	0.0322301074624
1	1	0.670159936185
0	0	0.357455806876
0	1	0.628412336145
1	1	0.926330865535
1	0	0.229323175792
1	1	0.983683237275
1	1	0.978657648676
1	1	0.608153716452
0	0	0.280550126536
0	0	0.414721516383
0	0	0.0475793713436
0	0	0.015671658059
0	1	0.941264912408
0	1	0.599564915008
1	1	0.723988310478
1	1	0.980297918647
1	0	0.0369983649963
0	1	0.947015710153
1	1	0.762907231503
0	1	0.661018327753
0	1	0.939664195752
1	1	0.907789931354
0	0	0.317247990922
0	1	0.799915918324
1	1	0.871191631977
0	1	0.793834662846
1	1	0.812218438473
1	1	0.978060440913
1	1	0.997169197221
0	1	0.977309867939
0	1	0.609801350356
1	1	0.663723549008
1	1	0.822966339418
0	0	0.350589560491
0	0	0.0567603221824
0	1	0.981047234221
1	1	0.992806411139
1	1	0.967433050252
0	1	0.992528356703
1	1	0.930399052764
1	1	0.70215250443
0	0	0.298385107017
0	1	0.632956240999
1	0	0.364128283133
0	1	0.978697731322
0	1	0.966277918582
1	1	0.86477197768
1	1	0.989272502978
0	1	0.754846760709
1	1	0.996596483515
1	1	0.924634516544
1	1	0.66486966223
1	1	0.9012807184
0	1	0.821081025609
1	1	0.994477125187
0	0	0.480600436376
1	1	0.63681934326
1	1	0.977791439098
0	1	0.7108924478
0	1	0.79646162942
1	1	0.700793285386
0	1	0.59393642863
1	0	0.447411053941
1	1	0.76108542952
0	0	0.151678004418
1	1	0.874950865155
0	1	0.62882920866
1	0	0.495666392001
1	1	0.998387022133
0	1	0.592173576151
1	1	0.921278215058
0	0	0.205186978442
1	1	0.999597348274
0	1	0.733379872341
1	0	0.464645238699
0	1	0.720201480699
0	1	0.791205013935
1	1	0.845431539848
0	1	0.946908976938
1	1	0.923037664693
1	1	0.982683176619
1	1	0.976040377378
0	0	0.13491437139
1	1	0.721570395814
1	1	0.581513837512
0	1	0.868921850092
1	0	0.334548366488
0	0	0.249104450942
0	1	0.800975478792
0	1	0.709647934813
1	0	0.150089170713
0	1	0.663245926048
1	0	0.398725674331
1	1	0.908128906892
0	1	0.917297517929
0	0	0.135221798345
0	1	0.969268544269
1	1	0.975055655857
0	1	0.959884366556
1	1	0.676122546723
1	1	0.79658608952
1	1	0.922522610011
0	0	0.309943665457
1	1	0.921355183014
0	0	0.136261356542
0	0	0.192345860839
0	1	0.942251459812
0	1	0.611194625856
0	0	0.0497755494371
0	1	0.901631860487
0	0	0.398562621808
1	1	0.991945349165
1	1	0.867583050253
0	1	0.840935225661
1	1	0.997136960358
1	1	0.862593806179
1	0	0.322460564621
0	1	0.894635720982
1	1	0.640475552878
1	1	0.990695923117
0	1	0.68320373331
1	0	0.185678380034
1	1	0.612405735328
0	1	0.911961144324
1	1	0.88943129925
0	0	0.347610425394
0	1	0.859116816375
1	1	0.512916994247
0	1	0.909867076228
0	0	0.198845908743
0	1	0.881243083383
0	1	0.776729586631
1	1	0.987561992325
0	0	0.255505240734
1	1	0.784457534711
0	1	0.533260551522
1	1	0.823609983014
1	0	0.32008337738
0	1	0.925498131233
0	1	0.725482279149
1	0	0.400025943927
1	1	0.801355630003
0	1	0.844040564694
1	0	0.254326134293
1	1	0.979291103333
1	1	0.981699615086
1	1	0.765556418886
0	0	0.304556801585
0	1	0.867859018676
0	1	0.678468401709
1	0	0.0973782849946
1	0	0.314247548623
0	0	0.172708962375
1	1	0.797881929338
0	1	0.713179300135
1	0	0.392461466931
0	1	0.991669476232
0	1	0.675951033551
1	1	0.799112452999
1	1	0.763598030306
0	0	0.0107306789256
0	1	0.9302418163
1	1	0.979990363063
0	0	0.312672620956
1	1	0.899457509705
0	1	0.832815069928
0	1	0.586169644416
1	1	0.965796242106
0	1	0.850820525096
1	1	0.699262426585
1	1	0.764702909393
0	0	0.0118389496177
1	1	0.624082049074
0	0	0.371856202487
1	1	0.641005824346
1	1	0.776780705987
0	1	0.715826453051
1	1	0.871109569439
1	1	0.723003537531
1	1	0.561921359778
0	1	0.790013623387
0	1	0.668726948691
0	0	0.144946354948
0	1	0.908350963228
0	1	0.819823196616
0	0	0.446754066096
1	1	0.627517636287
1	0	0.18502982381
0	1	0.611158669919
0	1	0.606381518242
1	1	0.824016565125
1	1	0.952381127024
1	1	0.752461612315
0	1	0.706545228315
1	1	0.640443134942
0	0	0.349798860373
0	0	0.480040134114
0	1	0.569277750016
1	1	0.975032229015
1	1	0.985565548708
0	1	0.590376632508
1	1	0.834793280004
0	1	0.646211611013
1	1	0.978751900617
1	1	0.888299841281
1	1	0.616774824531
0	1	0.841536061853
1	1	0.963907564394
0	1	0.901544887245
0	1	0.982444410491
1	1	0.895173588605
1	1	0.951366501107
1	0	0.321344432238
0	1	0.71121625461
1	0	0.420860730572
1	0	0.423315712773
1	1	0.578920869064
0	1	0.840329468347
0	0	0.347225468305
1	1	0.923484589248
0	1	0.713265288946
0	0	0.467950057634
1	1	0.990780501362
1	1	0.729249972246
0	0	0.0514808093191
0	0	0.220353405811
1	1	0.95696510176
1	1	0.967667942761
1	1	0.971036840559
0	0	0.00939613816779
1	0	0.00261136043305
0	1	0.83078433536
0	0	0.187165516315
1	1	0.968774075463
1	1	0.905986204859
0	1	0.647607703754
1	1	0.813861666187
0	1	0.806827834857
1	1	0.917949448868
1	1	0.92877332115
0	1	0.873666083728
1	0	0.468951291726
0	0	0.422336941751
0	1	0.814671441393
0	1	0.888116011217
1	1	0.855090374071
0	0	0.00294499350788
1	1	0.788887697243
1	1	0.817644715236
1	1	0.64959633781
0	1	0.723484579019
0	0	0.215254680968
1	1	0.988208661969
1	0	0.478506465974
1	1	0.651233520321
1	1	0.725144491464
0	1	0.596659433812
1	1	0.894849968365
0	1	0.929397096906
0	1	0.585394262653
1	1	0.631275042892
1	1	0.899534169136
1	1	0.750812365131
0	1	0.574518728542
1	1	0.73315472251
1	1	0.513160557076
0	1	0.872032841062
0	1	0.91281150248
1	1	0.910407767203
0	1	0.93253686489
0	1	0.861978167788
0	1	0.823542795878
1	1	0.888978948568
1	1	0.935644268483
1	1	0.840520689752
1	1	0.999147264974
0	1	0.920244264861
1	1	0.969305492335
1	1	0.992478369014
0	1	0.645870536158
0	1	0.885275146447
1	1	0.642191527777
1	1	0.688816042235
1	1	0.975340172517
0	1	0.941340925649
0	1	0.917676149499
1	1	0.958629706667
0	1	0.604404516514
1	1	0.709843092695
0	1	0.915596727676
0	1	0.67168142763
1	1	0.977165297793
0	1	0.664848765926
1	1	0.789136054532
0	1	0.99344604294
1	1	0.950984356533
1	1	0.679545574822
1	0	0.108027995347
1	1	0.755575869883
1	1	0.954772386373
1	1	0.960042892461
1	1	0.507021724418
0	1	0.65595038094
1	1	0.959066584117
1	0	0.136221805754
0	0	0.119479164523
1	1	0.80787071698
0	0	0.310670210319
1	0	0.443394982438
1	1	0.917376633372
1	0	0.253812215075
1	1	0.921958998419
0	1	0.654667407616
1	1	0.546413271804
1	1	0.999948890115
1	0	0.275216326313
1	1	0.997610102811
0	1	0.585030512271
1	1	0.650730425902
0	1	0.828624291322
1	1	0.978821087353
0	0	0.0316969774689
0	0	0.333666818562
0	1	0.593569626489
0	0	0.245341520367
0	1	0.697286633844
1	1	0.72473226124
1	1	0.780948285476
0	0	0.0393958636357
1	1	0.805348342728
1	1	0.502934770405
0	1	0.847719993311
1	1	0.980630480733
1	1	0.750095918033
0	1	0.52846061658
1	0	0.262254643946
1	1	0.988951647508
1	1	0.879382986577
0	0	0.172736162995
1	0	0.486662280843
0	0	0.275035835157
0	1	0.58749790539
1	0	0.273064462376
1	1	0.826098831024
0	1	0.663833729184
0	0	0.284810210803
1	1	0.894349915515
0	1	0.652897084872
0	1	0.68523038017
0	0	0.46722290547
1	0	0.144852469727
1	1	0.910513270638
1	0	0.494388283211
0	0	0.235717885624
0	1	0.527304307621
0	1	0.85210178382
0	1	0.988464989429
0	1	0.834692897682
1	0	0.0380501962924
0	0	0.274661534381
1	1	0.913087491092
0	1	0.841579882626
0	0	0.0214580358421
0	1	0.963613241484
0	1	0.975692479529
1	0	0.177631467337
0	1	0.917953245744
1	1	0.981226391433
1	1	0.830545686486
0	1	0.621491041467
0	0	0.19183243473
1	0	0.485948393819
1	1	0.974080892883
1	1	0.555458275178
0	1	0.973998703651
0	1	0.770815459155
1	1	0.947799327999
1	0	0.473486729935
0	1	0.850026860923
1	1	0.99766839177
0	1	0.943222334102
0	1	0.775444022567
1	1	0.992456451571
1	1	0.772948819561
1	1	0.610942394178
1	1	0.811365490824
0	1	0.968070009292
1	1	0.83374802239
0	0	0.482060560393
0	0	0.396851428656
0	0	0.45408957365
0	1	0.999249714374
0	0	0.0610395084559
0	1	0.889468359819
0	1	0.68455044795
0	1	0.516738489601
0	1	0.756864595754
1	1	0.826338010427
0	0	0.469591389595
0	0	0.304882866714
1	1	0.917825781757
0	1	0.691447911647
1	1	0.827599402851
1	1	0.98841344365
0	0	0.159580980999
1	1	0.902195298542
1	1	0.95235310006
1	1	0.859509563923
0	1	0.874991002946
0	1	0.50498148138
1	1	0.963356363604
0	1	0.932219694547
0	0	0.43627501254
0	1	0.58877573937
1	1	0.998137148145
0	0	0.0960183624367
1	1	0.871544068436
0	1	0.612255499366
1	1	0.747280267914
1	0	0.17217189132
0	1	0.943080478894
1	1	0.827998104029
1	1	0.998972070911
1	1	0.989077523482
0	1	0.828753227501
1	1	0.966935716959
0	1	0.857595443001
0	0	0.132840576851
0	0	0.229784512777
0	0	0.452288022705
0	1	0.787226495358
1	1	0.837982153192
0	1	0.538199732056
0	1	0.737826603229
1	1	0.610769601771
1	1	0.769250060216
0	1	0.864936890171
0	0	0.357895510254
1	0	0.121564014261
0	0	0.14027256926
1	1	0.683891673461
0	1	0.586645170092
1	0	0.00679157532458
0	0	0.0641962908356
0	1	0.583067315059
1	1	0.934460144761
1	1	0.555626351946
0	1	0.877533895188
1	1	0.807042987997
0	1	0.869873363376
1	0	0.329993413283
0	1	0.799516172615
0	0	0.362650532878
1	1	0.673973620966
1	1	0.531866848421
0	1	0.769683545988
0	0	0.254993501627
0	1	0.72607443444
0	0	0.423716918264
0	1	0.972259574619
0	1	0.589705559795
0	0	0.0349779161667
0	0	0.36498011798
0	0	0.149389042309
1	1	0.869609950299
1	0	0.19648978385
1	1	0.683439117828
1	1	0.740166338406
1	1	0.687822950278
0	1	0.791973897735
0	1	0.822858625866
1	1	0.868338952654
1	1	0.922715024314
1	0	0.190316115577
1	1	0.764266796188
0	1	0.516689488338
1	1	0.755960249597
1	0	0.0706516146193
1	1	0.80126514246
0	0	0.374034002166
1	0	0.37114574774
0	1	0.984545312888
1	1	0.596220928689
1	1	0.974658736832
0	1	0.518714690482
0	1	0.671058827034
1	1	0.78341530315
0	1	0.979770510703
1	1	0.857489627864
1	1	0.98556906623
0	1	0.876768883578
0	0	0.410602526735
1	1	0.932866403636
0	0	0.454905315147
0	1	0.81507266242
1	1	0.829313232226
0	0	0.366995835797
0	0	0.392169074366
1	1	0.877487950295
1	1	0.832405626321
1	1	0.928486355202
1	1	0.989671264644
1	0	0.342699053563
0	0	0.222836853146
1	1	0.52172547386
0	1	0.739716885921
1	1	0.991724562398
1	1	0.921860092536
0	1	0.838899730302
1	1	0.680365882152
0	1	0.882625659698
0	1	0.695353655097
1	1	0.642494922185
1	1	0.749843281682
0	1	0.837984885795
1	0	0.0335673866882
0	1	0.936284799368
1	1	0.98682722081
0	1	0.777339251098
1	1	0.822213468045
1	1	0.993757607312
0	0	0.499948419515
1	1	0.547115995824
0	0	0.282735418445
0	1	0.729792630279
0	0	0.469292908119
0	0	0.446551238868
0	1	0.848014054814
1	1	0.920976907444
1	1	0.528609184988
0	1	0.850050652186
1	1	0.92393082549
1	1	0.969481127835
0	1	0.96407610197
1	1	0.592835147299
1	1	0.946181941267
0	0	0.0165464135768
1	1	0.804359770679
1	1	0.787735191205
0	1	0.876764041072
0	1	0.980182885231
1	0	0.397733156409
0	0	0.0401324768484
1	1	0.683035817489
0	0	0.39915399986
1	1	0.834150845044
0	1	0.823372634968
1	1	0.542730660436
0	1	0.770333595378
0	1	0.99021805479
1	1	0.777771057109
0	1	0.765964790002
1	1	0.604791477973
1	1	0.995181107207
1	1	0.955897040933
1	1	0.514265791477
0	1	0.989147549858
0	0	0.105655054951
0	0	0.0380244947824
1	1	0.907468920986
0	1	0.785121608266
0	1	0.98903007606
1	1	0.981637381487
1	0	0.460814525663
0	1	0.618023837739
1	0	0.132738050845
1	1	0.528950008612
0	0	0.290364963438
0	1	0.941576092974
0	0	0.26810605852
0	1	0.904444090536
0	1	0.915933633944
0	0	0.266042520107
0	0	0.294843844341
0	0	0.199433849196
1	1	0.981331004947
0	1	0.509416322973
0	0	0.259893764577
0	0	0.357950389796
1	1	0.779844008195
0	1	0.936994686332
1	1	0.736243459913
1	1	0.893791447693
1	1	0.573657799942
1	1	0.908376042582
0	0	0.0965758189501
0	1	0.994814683555
0	1	0.992629121626
0	1	0.846709066462
0	0	0.200235348074
1	1	0.655109469512
1	0	0.195261973504
1	1	0.735943512946
0	0	0.424091603336
1	1	0.804717388766
1	1	0.64397422644
1	1	0.92779633424
0	1	0.998804826146
0	1	0.863836497242
1	1	0.897904553722
0	1	0.620921864017
1	1	0.812465172243
0	0	0.287661620157
1	0	0.461255198279
0	1	0.692194901941
1	1	0.978191297221
0	1	0.677022223716
1	1	0.803543899469
1	1	0.964055319266
0	0	0.0268992783696
1	1	0.61893583338
1	0	0.0753219380168
1	1	0.748244974432
0	0	0.472345379005
0	1	0.74318932387
1	1	0.674647428233
1	0	0.477864390336
1	1	0.9812950925
0	0	0.424402765467
1	1	0.751428688685
1	1	0.995788756137
1	1	0.979099113738
0	1	0.665667896643
1	1	0.81095680022
1	1	0.876692276214
0	1	0.965301829452
1	0	0.282472494263
1	1	0.56246265662
0	1	0.790633233419
1	1	0.718009959845
0	0	0.011512643061
0	1	0.555682596491
1	1	0.717751492134
1	1	0.790132507396
0	1	0.967035930276
0	0	0.234814988414
0	1	0.681970469544
1	0	0.0899042590005
0	1	0.516661616779
0	0	0.26109566241
1	1	0.867719208658
0	1	0.784200726819
1	1	0.520454777129
1	1	0.680746883261
1	1	0.845659047671
1	1	0.806993245365
1	1	0.935510088239
1	0	0.299933560011
1	1	0.6045562889
1	1	0.990495341219
1	1	0.881007875626
1	1	0.817576329421
0	1	0.946498914595
0	0	0.475542532274
1	1	0.996318459793
0	1	0.789887411056
0	0	0.417740204988
0	1	0.806069711005
0	0	0.307378580691
1	1	0.895804064949
1	0	0.0555536393957
1	0	0.353592939277
1	1	0.747401826371
1	1	0.870375414464
1	1	0.631706961257
1	0	0.128213492143
1	0	0.440668645102
0	1	0.862037165598
0	1	0.808224488421
0	1	0.974080977394
1	0	0.326726488269
1	1	0.743743646656
0	1	0.746047838288
0	1	0.823135027582
0	0	0.156136115418
1	1	0.990307389333
0	1	0.914556510368
0	0	0.168872141188
1	1	0.960922371001
1	1	0.619411286707
1	1	0.671708769452
0	1	0.960105349678
1	0	0.385478461831
1	1	0.566191432145
1	0	0.134268993816
0	0	0.150869621454
0	1	0.840735856542
0	1	0.891806121969
0	1	0.94860756984
0	1	0.863236751269
1	1	0.962897214351
1	1	0.759568142647
1	1	0.579303457121
0	1	0.845051641276
0	0	0.369281685261
0	0	0.425353354128
1	1	0.906311687264
1	1	0.789834157911
0	1	0.836208797081
1	0	0.245178922096
1	0	0.125465633586
0	1	0.631074011749
0	1	0.983312755487
0	1	0.969939912776
0	1	0.5207477321
1	1	0.740931007094
0	1	0.913966413746
1	1	0.899580970529
1	1	0.721759727498
0	1	0.601207168541
1	1	0.556724005429
1	1	0.750354827771
1	1	0.807110186098
1	0	0.150397680162
0	1	0.603112035811
1	0	0.466873251104
0	0	0.428607530474
0	1	0.718706176917
1	1	0.984293109062
0	1	0.646587029744
1	1	0.995037766708
0	0	0.477310308305
1	1	0.991523801967
1	1	0.785333960835
1	1	0.999587905256
0	1	0.716100849908
1	1	0.927304537412
1	1	0.984425471741
1	1	0.889127909546
0	1	0.533172898022
1	1	0.916115384214
0	0	0.360776621315
1	1	0.932058775753
0	1	0.804811140498
0	1	0.566512350033
1	1	0.920812057427
0	0	0.457023869758
1	0	0.387690383266
1	0	0.468580215588
1	0	0.436273638273
1	0	0.442717912845
0	1	0.945201420809
1	1	0.761894224086
0	1	0.960943146677
1	1	0.796642079205
1	1	0.691086221281
1	1	0.897945233567
1	1	0.940203704523
1	1	0.97614641597
0	1	0.755875707667
0	1	0.898823416678
1	1	0.993094727015
1	1	0.989876936818
0	1	0.66044360016
0	1	0.94780556314
1	1	0.686383071179
0	1	0.923686672433
0	1	0.999520738895
1	1	0.854918654925
0	0	0.414198766941
0	0	0.0828572764127
1	1	0.537701379244
0	1	0.515010210799
0	0	0.330858267679
0	1	0.708666532453
1	1	0.596939581612
1	1	0.98715481646
1	1	0.99874593073
1	0	0.292127721195
1	1	0.988149559946
0	1	0.550843819675
1	1	0.881062491664
1	1	0.894484792526
1	1	0.629649671109
1	1	0.974778371743
1	0	0.380195952073
0	1	0.894609338781
1	1	0.971395253978
1	1	0.871973534239
0	1	0.675830815255
1	1	0.806949185086
0	0	0.338566825697
0	1	0.723543206032
1	1	0.963933919116
0	0	0.388767530753
1	1	0.950176184674
0	0	0.396898530887
0	1	0.649765888002
1	1	0.73198014467
1	0	0.399067314051
1	0	0.406580638923
0	0	0.436737850792
1	1	0.884639413336
1	1	0.745882760807
0	1	0.740348159721
0	0	0.038966762119
1	1	0.91851786834
1	1	0.824298424755
0	1	0.698759600135
1	1	0.669446592482
0	1	0.503369705626
1	1	0.672101993986
0	1	0.848378455063
0	0	0.394955515105
1	1	0.857870359503
1	1	0.944178658386
1	1	0.882409476856
0	0	0.0846077319222
1	1	0.906864917071
0	1	0.691568695077
0	1	0.609019456103
0	0	0.498453010413
1	1	0.614102610995
0	1	0.978392309074
1	1	0.883863490579
1	1	0.940442019661
1	0	0.408714043413
1	1	0.549509115678
0	0	0.242411811144
1	0	0.381004100013
0	0	0.224679331028
1	1	0.8920337076
0	1	0.918273547826
0	1	0.957364069647
0	1	0.976889200408
0	1	0.786575332617
0	1	0.580438994443
0	1	0.902817161604
1	1	0.863478985949
0	1	0.880345416564
0	0	0.125609009495
1	1	0.996017776813
1	1	0.659988517846
0	0	0.424033989227
1	1	0.664877607061
0	1	0.895125008446
0	1	0.849815017728
0	1	0.953143010958
0	1	0.861250497867
1	1	0.557320636663
0	1	0.905849789705
1	1	0.8810814076
1	0	0.327100847713
0	0	0.444143938675
0	1	0.585558854548
1	1	0.854326427856
0	0	0.428525513826
1	1	0.87436415462
1	1	0.996417062252
0	0	0.116991132682
1	1	0.947642614828
0	0	0.163651137708
0	0	0.464264955551
0	0	0.360829574773
0	0	0.410931626317
1	1	0.994647333225
1	1	0.563858978904
1	1	0.831124501755
0	1	0.993198196961
0	1	0.705057928074
0	1	0.543335026032
1	1	0.996351887143
1	1	0.796165041255
1	1	0.654918039181
0	1	0.760903970558
1	1	0.990341652636
1	1	0.926368528431
1	0	0.485882690243
0	1	0.61277949796
1	1	0.950743154732
1	1	0.527659807812
0	1	0.985195611433
0	1	0.847542403146
0	1	0.946402472369
0	1	0.742304971376
1	1	0.587709224966
1	1	0.561534107986
0	1	0.530601336055
1	1	0.968457856741
1	1	0.971199586645
0	1	0.819423846718
0	1	0.851858469652
0	0	0.429441525915
1	1	0.78582421318
0	0	0.0380973817241
1	1	0.56833774296
1	1	0.811303881512
0	1	0.514011075558
1	1	0.972726765293
1	0	0.392984891037
1	1	0.990074584121
0	0	0.493750558182
0	0	0.365029096286
0	1	0.849662730062
1	1	0.580967636246
0	1	0.651895147746
1	1	0.903524216652
1	1	0.681258116237
0	1	0.982720372331
0	1	0.835765086084
0	1	0.755447881831
0	0	0.439198025876
1	0	0.117718644151
0	1	0.928728166975
0	0	0.0462276153668
0	1	0.82641303319
0	1	0.977518309933
0	1	0.621043417659
0	0	0.34128288745
1	0	0.459468110246
0	0	0.190914030915
1	0	0.205665447443
0	1	0.629899552708
0	1	0.977000187461
0	1	0.530445921522
1	1	0.854403361341
0	0	0.325485873148
0	0	0.405436981193
0	1	0.508995073666
0	1	0.551827809392
1	1	0.78679798665
0	1	0.737534443708
1	0	0.483848816105
1	1	0.903171183565
1	1	0.859225538298
1	1	0.979835020854
0	1	0.632981867894
1	1	0.947128449444
0	1	0.833403982878
0	0	0.35014884995
0	1	0.584453603158
0	1	0.509146328112
0	1	0.752809192497
0	1	0.663396062759
1	1	0.864109925348
1	1	0.873816231654
1	1	0.634152851674
1	0	0.487557248193
0	1	0.815709465716
0	1	0.578382887483
1	1	0.82185178411
0	1	0.613263472772
0	1	0.731170330698
0	1	0.774178999614
1	1	0.8856337239
1	1	0.99292333944
0	0	0.0707624296728
1	1	0.760158886488
0	1	0.75769631289
1	1	0.897063632727
1	1	0.927781615731
0	1	0.984760919806
0	1	0.668033402035
0	1	0.512780917658
0	1	0.801571134565
1	0	0.26832673045
0	1	0.971718875966
0	0	0.484583954908
1	1	0.644397954574
1	1	0.906641131679
0	0	0.428522246551
0	1	0.723289236628
1	1	0.964761593052
1	1	0.989089996306
0	0	0.185035512159
1	1	0.937050501073
0	0	0.124752375443
0	1	0.801039997191
0	1	0.810585028974
1	1	0.663630955221
1	1	0.908302085943
0	1	0.595460115939
0	1	0.959137545539
0	0	0.447960736825
1	1	0.508010254002
0	0	0.397958538987
0	0	0.497817810637
0	1	0.771859032387
1	0	0.372660371869
1	0	0.342971817259
1	1	0.972735348916
1	0	0.223731442385
0	1	0.559869559879
1	1	0.774313502565
1	1	0.762212013365
1	1	0.908108054508
0	1	0.999998699013
0	1	0.596541664594
0	1	0.609672546125
0	0	0.290192721501
0	1	0.546355332484
1	0	0.482689137824
1	0	0.451998964974
1	1	0.585454444981
0	1	0.917403762628
0	1	0.933915083718
1	1	0.945072168461
0	1	0.700260184341
0	1	0.695263731517
0	0	0.397735870842
0	1	0.625022615128
0	0	0.395176933113
0	1	0.795542090118
0	0	0.012692725306
0	1	0.779889384744
1	1	0.74232112204
0	0	0.121284095489
1	1	0.524894335509
0	1	0.765404182605
0	0	0.281948575984
1	1	0.786373948103
1	1	0.771127566603
0	1	0.560478309344
0	1	0.955117940801
0	0	0.381690401747
0	1	0.600992281486
1	1	0.770432430017
0	1	0.690461372009
0	0	0.020861274903
0	1	0.971253160747
1	1	0.868759687536
1	1	0.802533112669
0	0	0.203017867817
0	0	0.0982070555229
1	0	0.390444820089
0	0	0.452638417724
0	1	0.837794914246
0	1	0.914319057308
0	1	0.584780506822
0	0	0.337547415149
1	0	0.424498911853
1	1	0.562640382927
1	1	0.89724400296
0	0	0.383201918012
0	0	0.473052364148
0	1	0.605555785951
0	1	0.757184538909
1	0	0.377732228673
1	1	0.858451241851
0	0	0.337135543812
1	1	0.912217564206
1	1	0.901289265624
0	0	0.340026806284
1	1	0.682784406276
1	0	0.0453703134058
0	1	0.700626465375
1	1	0.939390932104
1	1	0.586900371404
1	1	0.547526760192
0	0	0.0736059971673
0	1	0.728903792795
1	1	0.991034740981
1	0	0.431993755595
1	1	0.543142009572
1	1	0.702156441652
1	1	0.974726319787
1	1	0.810379290126
0	0	0.366165022708
0	0	0.40906398689
1	1	0.841709587925
1	1	0.900642661928
0	1	0.825058756552
0	1	0.586191038061
0	0	0.0478663282242
1	1	0.991427182272
0	1	0.632827539205
0	1	0.5831386625
0	1	0.886311699961
0	1	0.859760199621
0	1	0.936287787373
0	1	0.842704090296
1	1	0.645043646841
0	0	0.0796629213908
0	0	0.0376094870372
1	1	0.715118522749
0	1	0.864319273371
0	1	0.991804929939
0	0	0.440924613219
0	0	0.00625821399173
0	0	0.330536084011
1	1	0.995173311006
1	1	0.892798272695
0	1	0.710867265499
0	0	0.279492583331
0	1	0.847995497506
1	1	0.99159978596
1	1	0.784885102701
1	1	0.909424676055
0	1	0.946874258354
0	0	0.178997545249
1	1	0.914961505706
1	0	0.358455896895
1	1	0.723632127488
1	1	0.977810614096
0	1	0.825614392231
1	1	0.559681885356
1	0	0.307762076915
0	1	0.753047440682
1	1	0.724551804204
1	1	0.983004500082
0	0	0.0614280247199
0	1	0.956711851743
1	1	0.997324687707
0	0	0.0328194500418
0	1	0.684296623807
0	0	0.135128513013
0	1	0.64047357367
0	0	0.262993227322
0	0	0.0357907952995
0	1	0.627510070338
1	1	0.827247590105
1	1	0.930077899721
0	0	0.235144776687
1	1	0.977256206935
0	0	0.354764073481
1	1	0.551725416476
0	0	0.223002162374
0	0	0.470387882729
1	1	0.869288362656
0	0	0.388182349617
1	0	0.210324016499
1	1	0.825979558446
1	1	0.999440164951
1	0	0.489764915932
1	1	0.675458225623
1	0	0.24456957746
0	1	0.556682000893
0	1	0.932658059279
0	0	0.0452055441614
1	1	0.908827077922
1	0	0.284910887778
0	1	0.91861395159
0	0	0.200300015634
1	1	0.798063219547
1	1	0.980965206856
0	1	0.931033422897
0	1	0.569965193566
0	1	0.972701264551
1	1	0.687150973547
1	1	0.945276546814
1	1	0.558248163448
1	1	0.801387012194
0	1	0.731303406249
0	1	0.756208633288
1	1	0.699139533237
1	1	0.791748998969
1	1	0.975608961351
1	1	0.999485744711
1	1	0.883291260327
1	1	0.950382289403
1	1	0.979572138365
1	0	0.308211687156
0	1	0.86109426964
1	1	0.969143610057
0	0	0.41900575821
0	1	0.542757292715
0	1	0.958480130598
1	1	0.907110751438
0	1	0.97099183137
1	1	0.934119442589
1	0	0.305588864265
0	1	0.721943165364
0	1	0.953954844204
1	1	0.74955914786
0	1	0.707974497863
0	0	0.432772049611
1	0	0.478489846226
0	0	0.451069233647
1	1	0.865534908903
0	0	0.399169672452
1	0	0.371676503553
0	1	0.567439270287
0	0	0.0724854405675
0	1	0.564724917424
1	0	0.214337201713
1	1	0.992974762576
1	1	0.990622902354
1	0	0.431788071574
0	1	0.735313376901
1	1	0.967638776042
1	1	0.830354816755
0	1	0.507101238946
1	1	0.855109440374
1	1	0.95109873332
1	1	0.841231413865
0	0	0.0396188349483
0	1	0.928392680313
0	1	0.820554344428
0	0	0.392738340214
1	1	0.861750845346
0	1	0.700698583508
1	1	0.932262975814
0	0	0.483324473654
0	1	0.965002392576
0	0	0.230320445544
0	0	0.0717507862112
1	1	0.995828538482
1	1	0.937806430423
1	1	0.999485171478
0	1	0.51225827651
0	1	0.657759821404
0	0	0.441092884878
0	1	0.988793176494
1	1	0.674871142065
0	1	0.880160756755
1	1	0.752312813449
0	0	0.0137857299037
0	1	0.998193294996
1	1	0.748213534958
1	1	0.95355675937
1	1	0.724920362856
0	1	0.932295155925
0	1	0.761986449652
1	1	0.969215183018
0	1	0.837252986517
1	0	0.250859204887
0	0	0.256345244689
1	1	0.772617059797
1	1	0.507425455645
1	1	0.618745638001
0	0	0.411313722698
1	1	0.627766152205
1	0	0.437415935581
0	1	0.584281602875
1	1	0.858604701069
0	1	0.803408966819
0	1	0.860888048382
0	1	0.519052409803
0	0	0.335126419375
1	1	0.89333051493
1	1	0.791031614307
1	1	0.979805902931
0	1	0.710331318387
1	1	0.585546329782
0	1	0.862354489066
0	1	0.684586750977
1	0	0.475736696867
0	1	0.865492919835
1	1	0.998434928367
0	0	0.254310050471
0	1	0.758804683933
1	1	0.748582893411
0	1	0.590303422116
0	1	0.916328852503
1	1	0.864515613978
1	1	0.515924555886
1	1	0.98196439566
1	1	0.738646744699
0	1	0.998777706992
0	1	0.781821479882
0	1	0.938659449078
0	1	0.687106195355
0	1	0.915949780493
0	0	0.169462635951
1	1	0.995728805039
0	0	0.153025474217
1	0	0.323403636394
0	0	0.404884468684
0	0	0.475828123294
1	1	0.99152705584
0	1	0.606996634518
0	1	0.586145198257
0	1	0.648208036809
1	0	0.493886989555
1	1	0.809061616893
1	1	0.858032456276
1	1	0.883130926655
1	1	0.827184388944
1	0	0.405906437508
0	0	0.213427675616
1	1	0.741223247513
1	1	0.634975762722
1	1	0.789982168365
0	0	0.42065648051
0	1	0.599650960487
1	1	0.92987407228
0	0	0.389044718198
0	1	0.553927884702
1	1	0.871781272432
0	0	0.303159149278
0	1	0.990374100569
1	1	0.975839277085
0	1	0.973369527991
1	1	0.941894053235
0	1	0.966049745371
1	1	0.9139318521
0	0	0.167413393487
1	1	0.917702369427
0	1	0.923431095556
1	0	0.258835399611
0	1	0.979994747761
0	1	0.864133272663
1	0	0.301802912465
1	1	0.974506447604
0	1	0.727989453261
1	1	0.773510108198
0	1	0.600094972962
0	0	0.178702867164
0	1	0.521484524326
0	0	0.0189132203067
0	0	0.278540069217
0	1	0.812613337966
0	1	0.949981770431
0	1	0.522668824099
1	1	0.555123325599
0	0	0.176604303425
0	0	0.31899635569
0	1	0.739828507935
0	0	0.31310890781
1	1	0.890588050206
0	0	0.229864514034
1	1	0.966258016603
1	0	0.406744428159
0	1	0.923271107617
1	1	0.608198750223
0	1	0.995663526577
1	1	0.745624677793
0	1	0.837776180984
0	0	0.0442448659616
1	1	0.866178961129
1	1	0.813228601744
0	0	0.0441734262438
1	1	0.869658944968
0	0	0.0211646489589
1	1	0.909987418955
1	0	0.0878285842897
1	1	0.519754954894
0	0	0.218061234727
0	1	0.973565813193
0	1	0.915467995427
0	1	0.943012185336
1	1	0.967493311158
1	0	0.326664388937
0	1	0.87739293738
0	1	0.925116263197
1	0	0.488187682745
0	0	0.30301221911
0	1	0.724079336162
1	1	0.662427156283
1	1	0.785341397025
1	1	0.997798578931
0	1	0.799475060605
0	0	0.126193338837
0	1	0.816156525268
1	1	0.78266579848
0	1	0.719734746602
0	1	0.942701298503
1	1	0.770791849179
0	1	0.955602907529
1	1	0.610068237956
1	1	0.875474141544
0	1	0.82078209366
1	1	0.856436227304
1	1	0.896982274725
1	1	0.77218254423
0	1	0.547621467428
0	1	0.900364952221
1	1	0.582748357185
0	0	0.0731448574963
0	1	0.962739387633
0	0	0.0381878956476
1	1	0.981697624896
1	1	0.795811593258
0	0	0.436323339779
1	1	0.748962524636
1	1	0.88552235147
0	0	0.360965529878
1	1	0.936738729651
1	1	0.866083352052
0	0	0.179989882236
1	1	0.940932183017
1	1	0.960912928477
0	1	0.832685134763
0	0	0.46744465605
0	0	0.283327924055
0	1	0.951344867442
1	1	0.667436140964
0	1	0.954187173973
1	1	0.788436392939
0	0	0.00302511872914
0	1	0.965609935499
0	0	0.178951809968
1	1	0.980461353668
1	0	0.352075351843
1	1	0.985093879072
0	1	0.65011727642
1	1	0.908696641368
1	1	0.591847616011
1	1	0.995826405903
