1	1	0.708440432072
0	1	0.879851194625
0	0	0.223785759742
1	1	0.96913825413
0	1	0.851834132922
1	0	0.202662586259
0	1	0.974663999657
1	1	0.612536571126
1	1	0.879843581947
1	0	0.269296024258
0	0	0.257508990251
0	1	0.715120011912
0	0	0.49288178412
0	1	0.970763935958
0	1	0.915992709148
0	1	0.973341503807
1	1	0.801225678013
0	1	0.980150343438
0	1	0.910658493251
0	1	0.651833830848
0	0	0.251986843953
1	1	0.960314033266
0	1	0.991279202485
1	1	0.699775881413
0	1	0.575823246346
1	1	0.728722102441
0	1	0.803895898907
0	0	0.29153338866
0	1	0.653436421297
0	1	0.71741589597
0	1	0.617071999303
1	1	0.906326977212
0	0	0.360479684989
1	1	0.801665379614
1	1	0.837070421142
0	1	0.740168346304
1	1	0.987966596394
0	0	0.356471759963
1	0	0.177645973539
0	1	0.858063351361
1	1	0.655981622969
0	0	0.137850834687
1	1	0.6045196493
0	0	0.0448859244863
1	1	0.961345576475
1	1	0.901413691385
0	1	0.507654241882
0	1	0.594846673519
0	1	0.664080176682
0	0	0.210181520808
0	1	0.973892801594
0	0	0.372625346163
0	0	0.291517018976
0	1	0.844185847927
0	0	0.111916418574
0	1	0.769279739652
0	0	0.492153604376
0	1	0.883490156299
0	1	0.791576359395
0	1	0.526879466293
0	1	0.614640692761
1	1	0.913121741341
0	0	0.0348516896273
0	0	0.148837208466
0	1	0.955962248182
1	1	0.960127989107
0	0	0.202049825425
0	0	0.418899381144
1	0	0.410698834854
1	1	0.72660812204
0	1	0.701506801258
0	1	0.781375445331
1	1	0.989171900739
1	1	0.905594074801
0	1	0.992032536048
1	1	0.907253870164
1	1	0.862472807105
1	1	0.957824336242
1	1	0.739733437376
0	0	0.300845706778
0	0	0.202290081908
0	0	0.349022980721
1	1	0.80908346466
1	1	0.528476585186
0	1	0.650257876286
1	0	0.284477061358
0	0	0.432650912492
1	1	0.639941573179
0	1	0.982121660562
0	0	0.300230332646
0	0	0.322812913602
0	0	0.388597633011
1	1	0.978420475776
0	0	0.455985680717
0	1	0.733336045749
0	1	0.947550390533
1	0	0.412416336139
0	0	0.23336690158
0	1	0.996114601372
1	1	0.659337207885
0	0	0.152873394478
1	1	0.958740665861
1	1	0.992019907798
1	1	0.611113133417
0	1	0.944455905812
1	1	0.945796322944
0	1	0.579079876471
1	0	0.193379996872
1	1	0.934643763567
0	1	0.847899979307
0	0	0.320140483496
1	1	0.75568216321
0	1	0.89800585282
1	1	0.966103625908
1	1	0.935408902016
0	0	0.423359476912
0	1	0.741487807001
1	1	0.812444403078
1	0	0.375941823928
1	0	0.293749094828
1	0	0.462050701492
1	1	0.669538340568
0	0	0.0370294393139
1	1	0.645631524215
0	1	0.818301602497
0	1	0.877409062677
1	1	0.912072410114
1	1	0.801329460699
0	1	0.714785374078
0	1	0.851600389257
1	1	0.901996670797
1	1	0.91308753163
1	1	0.894844309216
0	0	0.299462754071
0	1	0.638003961021
1	1	0.575829846329
1	1	0.759925606312
0	1	0.902618293489
0	0	0.295153205125
1	1	0.990870295002
0	1	0.896589552302
1	0	0.382574207347
0	1	0.892641454096
0	1	0.809380438225
1	0	0.254247617729
1	1	0.735405664207
1	1	0.998189222241
1	1	0.946097856883
1	1	0.583851846812
0	1	0.756494317154
0	1	0.761980732806
1	1	0.966372927633
0	0	0.237091240259
1	0	0.453600628985
1	1	0.856036749356
1	1	0.851298048713
0	1	0.982337042748
0	1	0.824002143053
0	1	0.589185477885
0	1	0.809020629953
1	1	0.667416452322
1	1	0.734183931861
1	1	0.951862157125
0	1	0.753843868602
0	1	0.717956275085
0	1	0.641789789846
1	1	0.857210391599
1	1	0.969842103875
0	1	0.957794849676
1	0	0.00194976993534
1	1	0.987062906932
0	0	0.419220567552
0	1	0.882227971656
1	0	0.119022910299
0	1	0.725828268985
0	0	0.479600590892
0	0	0.362686590051
0	0	0.0191827214403
1	1	0.958256460282
0	1	0.505887069091
0	1	0.972356949263
0	1	0.75669587335
1	1	0.997126574006
1	1	0.994916024014
1	1	0.963998500239
0	0	0.420641722354
1	1	0.811806876406
0	1	0.503978294715
1	1	0.966512540079
0	0	0.157972290049
1	1	0.973378855174
1	1	0.902813439729
0	1	0.706687689973
0	1	0.96548623708
1	1	0.81348995124
1	1	0.742337646121
1	1	0.891467904355
1	1	0.978880051167
0	0	0.171467535465
1	1	0.684860738998
0	0	0.0208880073806
1	1	0.631211766031
1	0	0.381128917603
1	1	0.588308310804
0	0	0.31175795685
0	0	0.133137791909
0	1	0.929230610692
1	1	0.70546936925
0	0	0.447218765348
1	1	0.887192045936
0	1	0.991694246419
0	1	0.74920773125
1	1	0.978028365004
0	0	0.494882085315
0	1	0.934040605004
1	1	0.785587359834
1	1	0.822467929755
0	1	0.583132060457
0	1	0.876264799967
1	1	0.914932506468
1	1	0.826859518644
0	1	0.91964979522
1	1	0.983132569192
1	1	0.894168710921
0	1	0.73265672761
0	1	0.944795455666
1	1	0.975898960314
0	0	0.422922341934
0	1	0.956130423173
0	0	0.231181891339
0	0	0.424056137761
1	0	0.463966251537
0	0	0.235701857106
1	1	0.671587148079
0	1	0.951109808338
1	1	0.955900371656
1	1	0.883446661118
0	1	0.616010868068
1	0	0.359474894966
0	1	0.90247975125
0	0	0.0981660343576
0	1	0.885229428431
1	0	0.462345120201
0	0	0.407458009426
1	1	0.899707096971
1	1	0.98329064374
0	0	0.434141184584
0	1	0.561414493134
1	1	0.780527147828
0	0	0.0542304569229
0	1	0.893399884763
0	1	0.795950728719
0	0	0.0521960050365
0	1	0.948887826659
0	0	0.222322982553
1	1	0.889208136928
0	1	0.724045183238
0	0	0.180536157779
1	1	0.878896684253
1	1	0.869708204512
1	0	0.0567488257868
1	0	0.0077604137715
1	1	0.869085925465
1	1	0.767147826464
0	1	0.979987592016
1	0	0.254482057917
0	0	0.31600697147
0	0	0.488671176351
1	1	0.899036230408
0	1	0.866451616681
0	1	0.923788285454
0	0	0.0899469191538
0	1	0.825029717175
0	1	0.581429628547
0	0	0.00998696357565
1	1	0.565912867027
0	1	0.563180605164
1	1	0.876946992149
1	0	0.42441095984
0	1	0.815458707404
0	0	0.226803261507
0	0	0.245704667743
0	0	0.49207150129
0	0	0.260931031818
1	1	0.709317200549
0	1	0.748106916568
0	0	0.218145462813
0	1	0.717255007085
0	1	0.839077783489
1	1	0.691538986242
0	1	0.976668111734
0	1	0.879387897915
0	0	0.000259073806885
1	1	0.526797819274
0	0	0.378387645342
0	1	0.737276435629
1	1	0.548006596372
0	1	0.789408963357
1	1	0.981098380291
0	1	0.719966502668
1	1	0.841977238231
1	1	0.954426383756
0	0	0.415965547792
0	1	0.603107476935
0	0	0.445218521547
0	1	0.668584945942
1	1	0.807949289243
0	0	0.282998610476
1	1	0.997036801895
1	0	0.267804228373
1	1	0.912749534874
0	1	0.680393626211
0	1	0.682246282104
0	1	0.657738189521
0	1	0.93897904278
1	1	0.681330321167
0	0	0.478589934362
1	1	0.995939431467
0	1	0.978605550905
1	0	0.042956556371
1	1	0.531583212032
1	1	0.944207384161
1	1	0.951911228578
1	1	0.85029719448
0	1	0.597790375338
1	1	0.56915294846
1	1	0.988830185317
1	0	0.415274072894
1	1	0.743649819158
1	0	0.373967249763
0	1	0.678107013198
0	1	0.709647213258
1	0	0.156999819323
1	1	0.584021127237
1	1	0.953124445408
0	1	0.517120013425
1	1	0.840408375154
1	1	0.612734264167
0	1	0.564376645865
0	1	0.83163326374
1	1	0.688068040573
0	0	0.201623119502
0	1	0.566769714198
0	1	0.924674376083
0	1	0.607225311335
0	1	0.997726326353
0	1	0.515924768279
1	0	0.422894096475
1	1	0.984852471057
0	0	0.22524147623
0	0	0.134928420486
1	1	0.582425633976
1	1	0.852949513987
0	0	0.0948804471298
0	0	0.353829618945
0	1	0.558439200129
1	1	0.717755878597
1	1	0.925518539921
1	1	0.583677641847
1	0	0.435561680779
0	1	0.613207194211
1	1	0.961818648954
1	1	0.844855521574
1	1	0.938940595312
1	1	0.889454626148
0	1	0.9641493681
0	1	0.539538012118
1	1	0.968281128773
0	0	0.274483272222
1	1	0.999929777075
0	1	0.702210849408
0	1	0.775248622812
1	1	0.845275239345
0	1	0.77402209633
1	1	0.906625609433
0	0	0.326725766162
0	1	0.658598333406
0	0	0.0461364946076
0	1	0.960211500715
1	1	0.881511208926
0	0	0.0473107216413
1	1	0.813076475777
0	1	0.818123092237
0	0	0.453274201041
0	0	0.188986252295
0	1	0.991090399501
0	0	0.0617155914727
0	1	0.522133513471
1	1	0.755697958534
0	1	0.990978766101
1	1	0.984406390667
0	1	0.731636238605
0	0	0.488784619032
1	1	0.996175729696
1	0	0.221748694262
1	0	0.412349807696
0	0	0.0562114463271
0	0	0.405318931715
1	1	0.961310147012
1	1	0.955054758372
1	1	0.977887339112
0	1	0.514119072495
0	1	0.73711931515
0	1	0.663511647156
1	1	0.827050140893
0	0	0.00539925083168
0	1	0.685943684573
1	1	0.523095350054
0	1	0.792822400964
1	1	0.76880170502
0	1	0.864457299184
0	1	0.748644163772
1	1	0.838357819185
0	1	0.98970470907
0	0	0.175306349477
0	0	0.165191197446
1	1	0.930040878116
1	1	0.952805058971
0	1	0.650989775763
0	1	0.655701709362
1	1	0.66047298881
0	1	0.525685108671
0	0	0.341516074647
0	0	0.21258735571
0	1	0.830728813036
1	1	0.9992057787
0	1	0.870741869828
0	1	0.663743317391
1	0	0.379193410365
0	1	0.758850962787
1	1	0.952405234118
0	1	0.672696950397
0	1	0.818445708813
0	1	0.896861858204
0	1	0.805428473092
1	0	0.302266560213
1	0	0.18503192025
1	1	0.95777469863
1	1	0.982209043914
1	1	0.961109225842
1	1	0.844582884036
1	1	0.768903390165
1	1	0.562084289623
1	0	0.247646066013
0	1	0.911237277867
0	1	0.994670161301
0	0	0.465387498541
0	1	0.558988146214
1	1	0.723754306261
0	0	0.21977958844
0	1	0.606884391576
0	1	0.806564060592
0	1	0.910938420946
1	1	0.978032816778
1	1	0.519342788365
1	1	0.900783806644
0	0	0.029331656558
1	1	0.960304024421
0	0	0.291457740937
0	1	0.986394834759
0	1	0.572231830212
1	0	0.33124413137
1	1	0.854353077747
0	1	0.682644751481
0	0	0.427788029321
0	0	0.122481568584
0	1	0.674893963977
0	1	0.6225391245
0	0	0.150980009735
1	1	0.780899917307
1	1	0.943281562417
1	1	0.752148533508
1	1	0.620754498525
0	0	0.484171157351
0	1	0.769814947055
0	0	0.353515618205
1	1	0.674849120342
0	1	0.925588318779
0	0	0.121766605585
0	1	0.534419887648
1	1	0.816943564116
0	1	0.525808240473
0	1	0.914202353593
0	1	0.588440376273
1	0	0.294752395677
1	1	0.706893852516
0	1	0.789205849958
1	1	0.573685113965
0	0	0.115859409494
0	1	0.58285606106
1	1	0.99798111842
1	1	0.921156077022
0	0	0.138725372041
0	1	0.565442834742
1	1	0.965521845498
1	0	0.00911785684573
1	1	0.930475152953
0	0	0.400895342268
0	1	0.777209988794
1	1	0.74013334414
0	1	0.894638622156
0	0	0.119088042565
1	1	0.903861219403
0	0	0.331403556166
1	1	0.89032153394
0	0	0.187552277281
0	0	0.452527957341
1	0	0.0685313234687
0	0	0.390654683437
0	1	0.763368663607
0	0	0.425030926729
1	1	0.521865734593
0	0	0.39235708011
1	1	0.987729809821
0	1	0.737169305577
0	1	0.797316681953
0	1	0.699546818389
1	1	0.820311047054
0	0	0.21209592277
0	1	0.641569201384
0	0	0.050130056242
0	1	0.971036588085
1	1	0.936272476203
0	1	0.841516344565
0	1	0.639360891409
0	0	0.210764358272
0	1	0.758822556591
0	0	0.394720145342
0	0	0.244057678213
1	0	0.379379997328
1	1	0.852109877134
0	1	0.771118300055
1	1	0.508019986284
0	0	0.0252772914176
0	1	0.765145735752
0	0	0.308397611364
0	0	0.291255060402
1	0	0.10432772979
1	0	0.254419146539
0	0	0.412298332831
1	1	0.758001018479
0	1	0.956176874542
1	1	0.612805538701
0	0	0.328851779601
0	1	0.972774413698
0	0	0.23950232857
0	1	0.628376373202
1	1	0.95903133772
0	1	0.855683432935
1	1	0.947100320718
0	1	0.979748332759
0	0	0.36637388425
1	1	0.934536909666
1	1	0.652025909044
0	1	0.982983747511
0	1	0.638971125348
0	1	0.53804955339
0	1	0.950783954078
0	1	0.562869897948
0	0	0.105353717466
0	1	0.831040097113
0	0	0.457179451389
0	1	0.874580698652
0	0	0.347279371025
1	1	0.892820936475
0	1	0.959291500335
0	1	0.921550957707
0	0	0.313149746101
1	1	0.662385588825
0	1	0.504595578166
1	1	0.997967537752
0	1	0.72514446468
1	1	0.781564222603
1	1	0.515522136801
0	0	0.23826348475
0	0	0.0811337321159
0	1	0.945724228726
0	1	0.613386258666
1	1	0.896137617004
0	0	0.328422650984
1	1	0.553320555245
1	1	0.993468946844
1	1	0.967583641274
0	1	0.865125401059
0	1	0.538961524252
1	1	0.798452089252
1	1	0.891333845089
1	1	0.663330094112
1	1	0.950615276315
0	1	0.650148464191
1	1	0.955515535378
0	1	0.501067201599
0	1	0.980718758884
1	1	0.774037983305
1	1	0.692941529859
0	1	0.813011888986
0	0	0.0946055240531
1	1	0.843568610118
0	0	0.255791416394
1	0	0.202106160318
0	0	0.163345946364
0	1	0.587852829047
1	1	0.990872057005
0	0	0.307141074196
1	0	0.205452485786
1	1	0.846598508824
1	1	0.909101500992
0	1	0.675131450623
0	1	0.601144652031
1	1	0.96779019567
1	0	0.188533619303
1	1	0.948870399901
0	0	0.305929456058
1	1	0.97187002237
1	1	0.670791560299
0	0	0.0928495118506
1	1	0.963062607792
1	1	0.525248815931
0	1	0.778520301339
0	1	0.726113716168
1	1	0.581252565831
0	1	0.731120274728
1	1	0.713031995811
0	0	0.0861308861229
1	1	0.76095414318
0	0	0.0459230638227
1	1	0.834019318261
1	1	0.999169766052
1	1	0.995970519516
1	1	0.870327313404
1	1	0.657786060795
0	1	0.976255636968
0	1	0.812893936279
0	1	0.792033613414
1	1	0.853866669027
0	1	0.935260875728
1	1	0.516092947881
0	1	0.965240859313
0	0	0.0886458592692
0	0	0.492803752114
1	0	0.329357872155
1	1	0.595015833597
0	1	0.659200141403
1	1	0.977677692053
1	1	0.516602864335
0	1	0.706469298114
1	1	0.999257266029
0	0	0.230466310107
1	1	0.524233332104
0	1	0.706223206381
1	1	0.993659578783
0	1	0.733513646474
1	1	0.847331933713
0	0	0.201993840092
1	1	0.518260945995
0	1	0.526104633685
1	1	0.955326835962
1	1	0.964532500151
0	1	0.681344048253
1	1	0.961917822706
0	0	0.0918554385817
0	1	0.993864218587
1	1	0.662059689867
1	1	0.674869762379
0	0	0.00336687354514
0	0	0.286148795674
1	0	0.119256553468
1	1	0.793783327659
0	1	0.922361614683
0	1	0.582258100837
1	1	0.804809295192
0	1	0.558878929783
1	1	0.600012467747
0	0	0.229365122573
0	0	0.0932716850247
1	1	0.921300170311
1	1	0.592579754915
0	1	0.843354919598
0	1	0.954791846951
1	1	0.875381669831
1	1	0.866347376838
1	0	0.490950795908
0	1	0.569286988649
1	1	0.710551440701
1	1	0.862325150768
1	1	0.984968122021
1	0	0.382887192723
1	1	0.875706029872
1	1	0.869763279701
0	1	0.986602139447
0	0	0.396840013509
1	1	0.628544022003
0	1	0.686617997633
0	1	0.595189753133
0	1	0.935362259296
1	0	0.381185842046
0	0	0.132923337848
1	1	0.973194463336
1	1	0.931675363828
0	0	0.127763810482
0	1	0.666837633723
0	1	0.994681334269
0	0	0.322164220865
0	0	0.24821400928
0	1	0.953335867569
0	1	0.734183954556
0	1	0.689832172557
1	0	0.33554092547
1	0	0.267273848955
0	1	0.903108881421
1	1	0.613188923716
0	0	0.372886689544
0	0	0.206452991937
0	1	0.706724851204
1	1	0.950012131162
0	0	0.397324692544
0	1	0.656842605676
0	1	0.942323931974
1	1	0.830019189828
1	1	0.969253374735
0	0	0.0133491925102
1	0	0.478736196031
1	1	0.71587090623
0	1	0.797488624378
1	1	0.938477554219
0	0	0.119179549774
0	0	0.293138500741
0	1	0.819775788116
1	1	0.631627333813
0	1	0.765463274219
1	1	0.786355303219
1	1	0.9721203092
1	1	0.941260526338
1	1	0.866088839646
1	1	0.587686961617
0	1	0.588621416902
1	1	0.771723389149
0	1	0.98213155349
0	0	0.402323687158
1	1	0.641480786167
1	1	0.737955403622
1	1	0.910355323229
1	1	0.553803975678
1	0	0.22246323336
0	1	0.851007485697
1	0	0.489412042096
1	1	0.963708939793
0	1	0.671947087492
1	1	0.639784884766
0	0	0.295983789738
1	1	0.738707220161
0	1	0.908124243008
1	1	0.886067440706
0	1	0.978743006656
1	1	0.753541053365
0	1	0.996744192825
1	0	0.171520006294
1	1	0.936559444134
0	0	0.377297640314
1	0	0.472991169455
0	0	0.42258353847
1	1	0.985385351873
1	1	0.951525777435
0	0	0.456804909983
0	1	0.962382281846
1	1	0.995302950547
0	0	0.488783286702
0	1	0.757160855859
0	1	0.866682862498
1	1	0.901142922811
1	0	0.351644576195
1	1	0.705130438234
1	1	0.553700217077
1	0	0.402320754266
0	1	0.917584545614
0	1	0.842152001231
0	0	0.0854822821899
1	1	0.828938926706
0	0	0.301053756565
0	1	0.682563127209
1	1	0.997165702102
1	1	0.593508346826
1	1	0.860769342764
1	0	0.445446302715
0	1	0.676676335043
1	1	0.898429772979
0	1	0.66684782379
0	1	0.80068886599
1	1	0.606192080176
0	1	0.962857733772
0	1	0.996954836859
1	1	0.952184019459
0	0	0.22729199655
0	1	0.922618113619
1	0	0.326814236807
0	0	0.375468770887
1	0	0.0121845145419
1	1	0.756222839107
1	1	0.812104234441
1	1	0.94271623969
1	1	0.502445468317
0	1	0.708617746234
1	0	0.240798088171
1	1	0.915092898918
0	1	0.894386005115
1	0	0.461296864388
0	0	0.014256295816
0	1	0.961912152895
1	1	0.842162159939
1	1	0.994797465896
0	0	0.339790156164
0	1	0.917638711026
0	0	0.00911595528186
0	1	0.713149769034
0	1	0.847762101334
1	1	0.981766690672
1	1	0.548119297885
1	1	0.95214791227
0	0	0.100353448052
0	1	0.724914376361
1	1	0.599466142491
0	1	0.990318914567
0	1	0.970423329422
1	0	0.441549260844
0	0	0.461429272834
1	1	0.870060651178
0	1	0.555693204731
0	1	0.990760358796
1	1	0.948700910988
0	1	0.754288498729
0	1	0.959182719472
1	0	0.331722079365
1	1	0.731281057013
1	1	0.920043340396
0	0	0.0379991999711
1	0	0.437682845549
0	0	0.261049692577
0	1	0.853012838555
1	1	0.576576827826
0	1	0.728664709832
0	1	0.904447599784
0	0	0.407153973793
0	1	0.580366502967
1	1	0.587679386321
0	0	0.0448891946834
0	1	0.890694197952
1	1	0.693690089363
1	1	0.854340977917
0	1	0.949853539475
1	1	0.759713071703
0	0	0.296556100348
0	1	0.983459533293
0	1	0.712214720386
0	1	0.76351455402
1	1	0.653390884141
0	0	0.0904908705894
0	1	0.81883019409
1	1	0.561609054684
1	1	0.950230896854
1	1	0.927470486442
0	0	0.195026713088
0	1	0.70979217096
1	1	0.632422012875
0	1	0.770259357802
0	0	0.0705262720607
1	1	0.894772644989
0	0	0.128495578048
1	1	0.891234320208
0	0	0.10379516425
1	1	0.978812208231
1	1	0.810575061037
0	0	0.094980365208
0	1	0.905241142156
0	0	0.183499858867
1	1	0.777565219313
0	1	0.652881512819
0	0	0.232300568768
0	1	0.541209466008
1	1	0.669145855711
0	1	0.933191818592
0	0	0.167365228002
1	1	0.852065533834
1	1	0.653682877085
1	1	0.874496286486
0	0	0.478660580166
1	1	0.755763412044
1	1	0.662146910509
1	0	0.301920411807
1	0	0.447204072619
0	1	0.67226187181
1	1	0.729605878274
0	0	0.241869273457
1	1	0.614403907315
1	0	0.351290805887
1	1	0.714210153401
0	0	0.403555737254
0	1	0.953027752615
0	0	0.471000171187
0	1	0.677769809973
0	0	0.203735790153
1	1	0.905771287276
1	1	0.958041611251
0	1	0.619131307228
1	0	0.443387049551
0	1	0.796407215264
0	1	0.637178578074
0	1	0.888899210064
0	0	0.127277997784
1	1	0.932045541364
0	0	0.468051758295
0	0	0.161629169455
1	1	0.926911463311
0	0	0.485768761675
1	1	0.71872328673
0	0	0.427483635605
0	1	0.698632700615
1	1	0.96421689247
0	0	0.454071490607
1	1	0.572108047897
1	1	0.90359469406
1	0	0.250694113237
0	0	0.414401798884
0	0	0.320230262268
0	0	0.264524476824
0	1	0.613722177848
0	0	0.252631188878
0	1	0.993876236403
0	1	0.955969004507
1	1	0.947478640831
0	1	0.94466290361
0	1	0.930777057571
1	1	0.938213560912
0	0	0.293465909233
0	1	0.539476884327
1	1	0.832498828156
0	0	0.498746072102
1	1	0.537227917265
1	1	0.811793921601
0	1	0.828553055693
0	1	0.966057867827
0	0	0.458638636431
1	1	0.648177520551
0	1	0.964202216301
1	0	0.331897595266
0	0	0.47069912154
1	1	0.990566313643
1	1	0.983969009509
1	1	0.67477389565
1	1	0.980486124492
1	1	0.682791432052
1	1	0.960728955328
0	1	0.722913251221
1	1	0.596925579818
0	1	0.618199150985
0	0	0.2179217683
0	0	0.413867587041
0	1	0.73787651138
0	0	0.447189160578
1	1	0.630152598052
0	1	0.879578401693
1	1	0.981953288119
0	1	0.946244605761
1	1	0.879501332722
0	0	0.433752979527
0	1	0.893355680787
0	1	0.797724930133
0	0	0.287479165611
0	1	0.721697760926
0	1	0.870109329784
1	0	0.171824443899
1	1	0.941913918153
0	1	0.651870475371
0	0	0.007067274628
1	1	0.782179784047
1	1	0.997454455182
1	0	0.328291544769
0	0	0.139514104688
0	0	0.311144025613
0	1	0.623725378564
0	1	0.939740794639
0	1	0.985536480959
0	1	0.930082398775
1	0	0.484715796476
0	0	0.476565464285
1	1	0.927433781171
0	1	0.900216494736
1	0	0.35193066894
1	1	0.997570027627
1	1	0.522507968272
1	1	0.883234758458
0	1	0.625674567747
1	1	0.931982616552
0	0	0.497178147658
0	1	0.99976674556
0	1	0.631753317035
0	1	0.852946125269
0	0	0.28339389734
1	1	0.997129070172
1	1	0.877166079217
0	0	0.204876370384
0	1	0.55897951579
1	1	0.916867400232
0	1	0.771061158801
1	0	0.342267415404
0	1	0.546978407346
0	1	0.572477358298
1	0	0.256537599615
1	1	0.676389171129
1	1	0.981304355061
0	1	0.901426685606
0	0	0.309884488265
1	0	0.352479418647
0	1	0.997288172707
1	1	0.997683502926
1	1	0.952106377103
0	1	0.741428013775
1	1	0.677746274304
1	1	0.79331496858
1	1	0.910534987792
1	1	0.914906704288
0	1	0.921229159453
0	0	0.309030766285
0	1	0.826816703018
1	1	0.628161082557
0	0	0.0012150216643
0	0	0.39390204382
0	0	0.391765676608
0	1	0.52998255079
0	0	0.193619753683
0	0	0.0711590392757
1	1	0.862118519646
1	1	0.89914697155
0	1	0.561039535321
1	1	0.606101159077
0	1	0.614407380666
1	1	0.587374952906
1	1	0.999339365913
0	0	0.0436182432571
1	1	0.977782394637
1	1	0.88410994428
1	0	0.248993050725
1	1	0.998002580162
0	0	0.337299508389
0	0	0.422858965754
1	1	0.792904792124
0	0	0.390977476194
1	1	0.588562054442
0	1	0.520974784491
0	0	0.129458271352
0	1	0.906613416739
0	0	0.06674776904
0	1	0.949759096091
0	1	0.818002014377
0	1	0.715416925412
1	1	0.900235081121
1	0	0.174648685388
1	1	0.541001615416
0	0	0.0345442497107
0	0	0.476177935643
1	1	0.945040385222
1	1	0.692496338816
0	0	0.409712179818
1	1	0.631872283677
1	1	0.651184134712
1	1	0.997235805816
0	1	0.9346868064
1	1	0.936779687922
0	1	0.559113031005
1	1	0.970464095999
0	1	0.965880192282
0	1	0.9033445911
1	1	0.768881256409
1	1	0.787559126739
0	1	0.680778901296
1	0	0.28742933611
0	0	0.0948064997378
1	1	0.985643016665
0	1	0.784143451473
0	1	0.915429700299
1	1	0.984484856776
1	0	0.445641355968
0	1	0.704768074771
0	0	0.377213322323
0	1	0.995667590208
0	1	0.792957994873
0	1	0.945023460493
1	1	0.883972606449
0	1	0.632749336319
0	1	0.901300121475
1	1	0.773470213339
1	1	0.776475270985
1	1	0.873030986085
0	1	0.806610297766
0	1	0.936834381562
1	1	0.834447172272
1	0	0.189245232027
0	1	0.832054267847
1	1	0.626449712179
1	1	0.954788171701
0	0	0.0935622730494
0	1	0.56926051246
0	1	0.878978281676
0	1	0.723458457838
0	1	0.650659239336
1	1	0.839101489178
1	1	0.760431296071
0	1	0.966690894424
1	1	0.838293061282
0	1	0.748778575908
1	1	0.941823980395
0	1	0.727328929944
1	0	0.37314727212
1	1	0.996869676623
1	1	0.979961566726
1	1	0.727262795145
0	0	0.491510634659
1	1	0.514661646167
0	1	0.7014441607
1	1	0.970035443639
0	0	0.135000734711
0	0	0.163643487069
0	0	0.387701505395
0	1	0.971479511639
0	1	0.755033075237
0	0	0.414624013706
0	1	0.570602381873
0	0	0.00755014649133
1	1	0.893500194901
1	1	0.986950395331
0	1	0.972517525802
0	0	0.365390991883
0	1	0.99447077136
1	1	0.920795305285
0	1	0.513628563529
0	1	0.630540522
1	1	0.782158081185
0	1	0.81441472011
1	0	0.172808559067
1	0	0.193876862844
0	1	0.663768115291
1	1	0.807103858928
0	1	0.60681398756
0	1	0.528275637368
1	1	0.990221402638
0	0	0.176572955192
1	1	0.971713692838
0	1	0.613030399744
1	1	0.818652822003
1	0	0.183310776945
0	1	0.67660828424
1	1	0.998476721121
1	1	0.946186092038
1	1	0.630252123797
1	0	0.44686624308
1	1	0.96764914611
0	1	0.973650193233
0	0	0.414736306061
1	1	0.999603403133
0	0	0.395927712454
0	1	0.773558239578
0	1	0.888184540008
0	0	0.369856200824
0	1	0.741312772694
1	1	0.718644374939
0	1	0.761124868603
1	1	0.930515217096
1	0	0.0708749184953
1	1	0.814850267382
1	1	0.924889323867
1	1	0.599655055406
0	1	0.92639607606
1	1	0.964863494228
0	1	0.921986482313
1	1	0.837355843263
0	1	0.680073577799
1	1	0.997305814943
1	1	0.984004235529
0	1	0.571993302178
1	1	0.971721797785
0	1	0.998641074594
0	1	0.743036739052
0	1	0.506100452523
0	0	0.104283631618
1	0	0.180587934011
1	1	0.944792877774
0	0	0.376608269648
0	1	0.827544584517
1	1	0.876671741225
1	1	0.970619661189
1	1	0.985683123254
1	1	0.888914653478
0	1	0.719834769921
1	1	0.96004777727
1	1	0.822928351933
1	1	0.953747878798
1	1	0.962168541142
0	1	0.609006842855
1	0	0.29388818119
0	0	0.260128530733
1	1	0.703445976402
0	1	0.712475214343
1	0	0.120974916303
0	0	0.308753815707
0	1	0.935368788399
0	1	0.611089597967
1	1	0.933499808268
1	1	0.958333119535
0	1	0.64592270534
0	0	0.156842173857
1	1	0.891681009753
0	0	0.187532536696
0	0	0.161225858573
0	0	0.330236683668
1	0	0.29954756304
0	1	0.577472410282
1	1	0.84757398913
1	1	0.999242275042
0	0	0.385262152417
0	1	0.786608336797
0	1	0.995022575456
1	1	0.9130064854
0	1	0.549023228021
1	0	0.373408761001
0	1	0.792510310683
0	1	0.691770920169
0	0	0.411423341896
1	1	0.786723515474
1	1	0.538098902057
1	0	0.161721975321
1	1	0.929323050284
1	1	0.757837640397
0	1	0.985536014493
1	1	0.962733757413
0	1	0.986584195666
1	1	0.56884704703
1	1	0.639686185893
0	1	0.893501577756
0	1	0.605749394008
1	1	0.795080438478
1	1	0.680300880761
1	0	0.308733398289
0	0	0.081324945453
0	1	0.992194439949
0	1	0.524082767922
0	1	0.975720109586
1	1	0.839436175225
0	0	0.068322555761
1	1	0.854574458482
0	0	0.127010816985
1	1	0.809481912346
1	1	0.669561758825
1	1	0.984220419066
1	1	0.561752788305
0	0	0.0817417942332
0	1	0.59829572535
1	1	0.955933884001
0	1	0.961967939949
0	1	0.756899879458
1	1	0.530228333326
0	1	0.561109693894
0	1	0.713831816844
1	1	0.9921856626
1	1	0.991776888473
1	1	0.992239198871
1	1	0.990315670145
0	1	0.549794983264
0	1	0.885841538976
0	1	0.753553093333
1	1	0.907812583018
1	1	0.882816733676
1	0	0.233143517503
1	1	0.913498468941
0	1	0.588173032577
0	0	0.329560883046
1	1	0.510847311057
1	1	0.906946101791
1	1	0.841157370234
0	1	0.748876704165
0	1	0.570417694602
1	1	0.961103778407
1	1	0.516585264698
0	1	0.775804664958
0	1	0.965780974761
0	1	0.897040134699
1	1	0.638537481042
0	1	0.752671215435
0	0	0.242228741705
0	0	0.468419758261
0	1	0.668396710143
0	1	0.907460148703
0	1	0.807109159004
0	1	0.983464224644
0	0	0.436790770248
1	1	0.925470643344
0	1	0.945965329065
0	0	0.0709359876612
1	1	0.969631901866
1	1	0.654110901015
0	0	0.305911539796
1	0	0.281443813022
0	0	0.110894626946
0	0	0.454196043888
0	1	0.945290647662
1	1	0.724434149478
1	1	0.800803071392
0	0	0.463094424591
1	1	0.992867251612
1	0	0.424013844028
1	0	0.456367962943
0	0	0.332426325871
1	1	0.688564598382
0	1	0.960208883505
1	1	0.708940803769
0	1	0.759180941966
0	1	0.520423591495
1	1	0.758938474851
0	0	0.443490558077
0	1	0.88354933059
1	1	0.958602200338
1	1	0.824996741508
0	1	0.845185476207
0	1	0.997709015779
0	0	0.383974747718
0	1	0.812217040308
1	0	0.331666855021
0	1	0.559406409802
1	0	0.253240182752
0	1	0.97562099761
1	1	0.91361117439
1	1	0.932475567309
1	1	0.974225915652
1	1	0.978370695834
1	0	0.180553060738
1	1	0.925164054673
0	0	0.335469253152
0	1	0.889103860051
1	1	0.816913417961
1	1	0.501612414417
0	0	0.276040677109
1	1	0.925761313685
0	1	0.932048184499
0	0	0.474604864898
1	0	0.20580850908
1	1	0.843649776003
1	0	0.15515392403
1	1	0.534052606451
1	1	0.921941436697
0	1	0.640113273427
0	1	0.942677514421
0	1	0.73288625927
0	1	0.791798113198
1	1	0.984807299722
0	1	0.515347857555
1	0	0.432513292985
0	1	0.863309602627
1	1	0.550391122489
0	1	0.942894019703
1	1	0.812728899542
1	1	0.790593471049
0	1	0.875337226082
1	1	0.873183790924
1	1	0.693942468453
0	1	0.968745773318
1	1	0.985954869753
1	1	0.838463071596
0	1	0.545990371911
1	1	0.765676532296
0	1	0.606041688787
0	1	0.533423444311
1	0	0.269831849281
1	1	0.943243957556
1	1	0.609284626019
1	1	0.616707271092
1	0	0.373518771264
0	1	0.608685777327
0	1	0.861182816763
1	1	0.764117461882
1	1	0.914624965831
0	1	0.699697720715
1	0	0.15807316195
1	1	0.929378660948
1	1	0.546920093099
0	1	0.807124178451
1	0	0.0491785413058
1	0	0.45345693432
0	1	0.560222565323
1	1	0.969334710954
1	1	0.94609923684
0	1	0.642009785339
0	1	0.882089980665
0	0	0.276142272801
0	1	0.942066160951
0	1	0.778876422512
1	1	0.831909463247
0	1	0.951811161797
0	0	0.247400536068
0	1	0.913721202937
1	1	0.940445326333
1	0	0.197422783871
1	0	0.474504415138
0	0	0.188535416191
0	1	0.929845710499
1	1	0.851876331802
0	1	0.823945599163
0	0	0.0850961901847
1	1	0.803412837128
1	1	0.876977620655
0	1	0.512298783777
0	1	0.966642467168
0	0	0.0793170773278
0	0	0.02565666893
0	1	0.828080983846
0	1	0.930627039975
1	1	0.566989505854
1	1	0.997236444176
0	0	0.272272426607
0	1	0.586327008139
0	1	0.636414642115
1	1	0.986641482863
0	1	0.657490803915
1	0	0.18152454336
0	1	0.742322758906
1	1	0.772149582034
0	0	0.472731031988
0	1	0.865652261629
0	1	0.969663205198
1	1	0.769867486594
1	1	0.657652248017
1	1	0.742167120366
0	0	0.442129413912
1	1	0.988611202563
1	0	0.101136435458
1	1	0.907641339388
0	1	0.56398763565
0	1	0.587643984254
0	1	0.843348240181
0	0	0.260270513228
0	1	0.545224548762
0	1	0.849572662696
0	1	0.570629952743
0	0	0.305634952812
1	1	0.987362506213
1	1	0.565201499183
0	0	0.435202679732
1	1	0.928844589515
1	0	0.392216456414
1	0	0.405141966762
0	0	0.0206174838629
1	1	0.777602179273
0	0	0.29797546359
1	1	0.992328432731
0	1	0.638758494263
1	1	0.934529246646
1	0	0.425874821066
0	0	0.461318420249
0	1	0.578424400922
0	0	0.249438979211
0	1	0.506740668892
0	0	0.48620124235
0	1	0.805135058926
0	0	0.442716531975
0	0	0.498929384354
0	0	0.363545094774
1	1	0.971207086365
0	1	0.559427067496
1	1	0.685477608822
0	1	0.96591714448
1	1	0.722722741658
1	1	0.864510260232
0	0	0.363018836153
1	1	0.92220495113
1	1	0.870228958542
1	1	0.608601370341
1	1	0.976008466522
1	0	0.344350621644
0	1	0.988332109311
1	1	0.848045725012
1	1	0.870849967983
1	1	0.893850488918
1	1	0.997593770829
1	0	0.0747133318202
0	0	0.0917333425057
0	1	0.958988297644
1	1	0.961254330741
0	1	0.998615592012
1	1	0.799686499258
1	1	0.993107290544
1	1	0.695046755416
1	1	0.954327969757
1	1	0.667372544602
1	1	0.627394436694
0	0	0.171116885361
0	1	0.910658707315
1	1	0.972398523958
1	1	0.921614632812
0	0	0.0558693595128
0	1	0.928173470323
1	0	0.0976113242861
0	1	0.998395670458
1	1	0.614629473417
0	1	0.847596644173
1	1	0.978367075298
0	1	0.783322271744
1	1	0.546172549721
0	1	0.822853883619
0	0	0.29077168432
0	1	0.59720482502
1	1	0.99055416223
0	1	0.933641531076
0	1	0.574243003986
0	1	0.614562391714
0	0	0.108875712184
1	1	0.946745940289
0	0	0.433447938849
0	0	0.167630333153
1	1	0.746623970309
0	1	0.78615010929
0	1	0.905615793817
0	1	0.820461639079
1	1	0.678669004024
1	1	0.997709281163
0	1	0.75717327805
0	1	0.964362768468
0	1	0.777644630796
0	1	0.796559617575
1	0	0.196671486367
1	1	0.999312937297
0	1	0.878179525407
0	1	0.645856861846
1	1	0.976198112455
0	1	0.637076442577
1	0	0.195790838794
0	1	0.634553318512
1	1	0.655051301268
1	1	0.520245866529
0	0	0.0975754126375
1	0	0.470105870795
0	0	0.237894516243
0	1	0.608392631858
1	0	0.225333700661
0	1	0.854014553378
1	1	0.800033689407
1	1	0.943164070782
0	1	0.87843185524
0	1	0.747461274674
0	1	0.761427172934
1	1	0.603521664639
0	1	0.932489436791
1	1	0.67518336148
0	0	0.0251142226008
0	1	0.987727273904
0	1	0.653556512862
0	0	0.0656352401103
0	1	0.986265439582
0	0	0.273469609144
1	1	0.968824175046
0	0	0.181952436256
0	1	0.997709246885
1	1	0.927088253317
0	0	0.371951511165
0	1	0.805340993911
0	0	0.142905915631
1	1	0.890013644662
1	1	0.692738436789
0	1	0.815727221905
1	0	0.0821881959705
1	1	0.706595499856
0	1	0.804434666291
0	0	0.309010221891
0	1	0.854770258228
1	0	0.0480955944682
1	1	0.748718572535
0	0	0.435027067148
1	1	0.790894963328
1	0	0.121276620293
0	1	0.750637541043
1	1	0.976171001778
1	0	0.257958216646
1	1	0.898837337901
1	1	0.883145867366
1	1	0.888480337431
1	0	0.0627623106427
1	1	0.848506430044
1	1	0.990034196835
1	1	0.999248567666
1	1	0.888403238541
1	1	0.937686502417
0	1	0.906097521126
1	1	0.804626345295
1	1	0.92332306957
1	1	0.998412985278
1	0	0.491618246666
0	0	0.143718104786
1	0	0.449269172587
1	1	0.896709350717
0	0	0.284890794961
0	1	0.928149945341
0	0	0.385942596462
1	1	0.726286980918
0	0	0.447995477715
0	0	0.483212362574
0	1	0.954100792435
1	0	0.318476782698
0	1	0.593217496688
1	1	0.906963595178
1	1	0.975620155677
0	1	0.989069614944
0	1	0.648782544908
1	0	0.366291174667
1	1	0.765100895372
0	1	0.760186056143
0	0	0.317582340562
0	1	0.717444679062
0	0	0.417341727605
0	1	0.938826412582
0	1	0.982575732156
1	1	0.897549835187
1	0	0.378662091904
1	1	0.763968713388
1	1	0.997538256528
1	1	0.975481178326
1	1	0.934266230862
1	0	0.207372166593
1	1	0.886867696883
0	1	0.770587035203
0	0	0.493544996682
1	1	0.970834753638
1	1	0.999649664172
1	1	0.828273550973
0	0	0.371318747563
0	1	0.693809349475
0	1	0.778417848451
0	0	0.146161844636
0	1	0.926065935983
1	1	0.596068141021
1	1	0.896908470324
1	1	0.857769013483
1	1	0.950252325356
0	1	0.985186078234
1	1	0.914851168216
0	1	0.794098584067
1	1	0.711598899445
1	1	0.661416650386
1	0	0.0275705885409
0	1	0.994884615689
1	1	0.719475882988
0	0	0.00879248272485
0	1	0.585257861234
1	1	0.977143212577
0	1	0.819128807171
0	1	0.792749307318
1	1	0.960840033148
1	1	0.99293544258
0	0	0.0145592365104
1	1	0.662219267482
0	0	0.311309983353
1	1	0.611312038382
1	1	0.560233869858
0	1	0.968557732271
1	1	0.970693413722
0	1	0.960309276512
1	1	0.982866825213
0	1	0.801346523683
1	1	0.9230784136
1	0	0.474474968907
0	0	0.171422704957
0	1	0.770587673917
0	1	0.96797359384
1	1	0.877427294445
0	1	0.917755294231
1	1	0.889204221245
0	0	0.303472547405
1	0	0.411942143836
0	1	0.780473227153
1	1	0.783484852955
0	0	0.109699408876
0	1	0.865658237797
1	1	0.807829557214
1	1	0.937744175642
1	0	0.100134014642
1	1	0.555931241733
0	0	0.325187149919
0	0	0.430588893321
0	0	0.197469499334
0	0	0.124016664958
1	1	0.598767450369
1	1	0.89020579203
0	1	0.945614124466
1	1	0.867809368633
1	1	0.602309778637
0	1	0.913622958263
0	0	0.0188643850437
1	1	0.730000263982
1	1	0.999931203302
1	0	0.148027876692
0	1	0.605245913836
1	1	0.985139035302
0	1	0.79291728782
0	1	0.681492694054
0	1	0.774515895972
0	0	0.467485395181
1	0	0.424402979826
0	1	0.774841241644
0	1	0.986400669692
0	1	0.94277298585
1	1	0.966321583371
0	0	0.430966841236
1	0	0.278989357592
0	1	0.807602237095
1	1	0.989645602214
1	1	0.526893924501
0	1	0.998703995243
0	0	0.149787567113
0	1	0.979877142131
1	1	0.928555749093
1	1	0.767020487622
0	1	0.743752023161
0	1	0.863580147331
0	1	0.64187937948
1	1	0.992513440316
0	1	0.914298867425
1	1	0.753543392262
0	0	0.340723758547
0	1	0.957665738029
1	1	0.86223258638
0	1	0.737568436896
0	1	0.703247365787
1	1	0.51983750992
1	1	0.994097467024
0	1	0.797401937858
0	1	0.856603353486
0	1	0.798311556773
0	1	0.904749013963
0	0	0.158913704951
0	0	0.191739406404
1	1	0.656972125266
0	1	0.534419803089
1	1	0.787007927684
0	1	0.630669738332
1	1	0.690982479001
0	0	0.131321151063
0	1	0.82857812697
0	1	0.662214774335
1	0	0.232809090724
1	0	0.313598829501
0	0	0.42087261867
0	1	0.766883055381
0	1	0.848267025727
0	0	0.447332007163
1	1	0.93934908566
1	1	0.875896165482
0	0	0.0419265269309
0	1	0.827395495965
1	0	0.327586187751
1	1	0.934177579478
1	1	0.992291062763
1	1	0.838024410242
1	1	0.969872573
1	1	0.536396127694
0	1	0.58865736513
0	1	0.742723102008
1	0	0.0764373778147
0	1	0.546585976933
1	1	0.998303319972
0	1	0.824527413436
0	0	0.323681224384
0	0	0.423722332333
1	1	0.664162656437
1	1	0.904204672428
1	1	0.701502629961
1	1	0.615570693136
0	1	0.640266334301
0	1	0.779035750039
1	1	0.984818358258
1	1	0.848246544256
1	1	0.830585384139
0	0	0.365897105641
0	1	0.973606486426
1	1	0.802560475821
1	1	0.984762773599
0	1	0.618484484415
1	1	0.995476991898
0	1	0.506055726269
1	1	0.938804912537
1	1	0.771716463362
0	0	0.222568435882
0	0	0.239837060297
0	0	0.234523577406
0	1	0.651897830138
0	1	0.536958606601
1	1	0.9637270929
0	1	0.950397658734
0	0	0.180882270221
0	0	0.186455519818
0	1	0.994368818167
0	1	0.803976964865
0	1	0.736586210827
1	1	0.570172096182
0	1	0.832726402489
0	0	0.446516148885
0	1	0.850996246871
0	0	0.461372350372
0	1	0.805932736348
0	1	0.852942617017
1	1	0.994396501571
0	1	0.915120820674
0	0	0.48606367956
1	1	0.876431019224
1	1	0.970279383818
1	0	0.233719796615
1	0	0.332691130885
0	0	0.343032105992
0	1	0.784971434791
1	1	0.988145379347
0	0	0.356339035456
0	1	0.962038353841
1	1	0.840644836352
1	1	0.734307619878
1	1	0.719843418222
1	1	0.787070964607
0	0	0.095600710962
0	1	0.874330550711
0	0	0.0548704169029
0	1	0.642642876156
0	1	0.569432868961
1	1	0.857789076333
0	1	0.706228096373
0	0	0.0314321413452
1	1	0.542158927589
0	1	0.959603365752
1	1	0.761823223243
0	1	0.744396820568
1	1	0.897129952856
1	1	0.651839578474
1	0	0.33939980386
1	0	0.228233299364
0	1	0.754103998085
1	1	0.918276734077
0	0	0.44927634344
1	1	0.768928862869
0	1	0.546255445761
0	0	0.127924065755
1	1	0.772915869551
1	1	0.906238457045
1	0	0.283254887032
0	0	0.427160322024
1	1	0.5058302672
0	0	0.0214899946531
0	1	0.629224139126
0	1	0.901556050808
0	1	0.948612052081
1	1	0.607889941307
1	1	0.71350331363
0	1	0.819306137191
1	1	0.50682194965
1	1	0.656363857563
0	1	0.613894170053
0	1	0.740549742456
0	1	0.797265376485
0	1	0.87942038774
1	1	0.833679266557
0	1	0.954413916068
0	0	0.3632298555
1	1	0.794762379432
1	1	0.993961613469
1	1	0.934263452379
1	0	0.21902413193
0	1	0.961863551443
1	1	0.981972535238
1	1	0.96525108567
1	1	0.793931096827
1	0	0.435710700177
1	1	0.988618525305
1	1	0.934556374754
1	0	0.373459772887
1	0	0.420674790536
1	0	0.442667011353
1	1	0.985403556969
0	1	0.966913336729
0	1	0.681579050619
1	1	0.716385806557
0	1	0.969326659416
0	1	0.93383937559
1	1	0.895359751401
1	0	0.06212002322
1	1	0.748153394384
1	1	0.954010504185
1	1	0.96564541258
0	1	0.953539552444
1	1	0.67320293643
1	1	0.704699695643
1	1	0.90104549873
1	1	0.940149525575
1	1	0.855897496215
0	1	0.923917646266
0	1	0.951851055187
0	1	0.983113052721
0	1	0.840018322934
1	1	0.945978648778
0	1	0.957457081477
1	1	0.727134356086
1	1	0.997347861376
0	1	0.636033971072
0	0	0.13975776691
0	0	0.480083807685
1	1	0.9586311163
1	1	0.837907902198
0	1	0.972571082793
0	1	0.571730076793
0	1	0.949870510874
1	0	0.225357461345
1	1	0.970735583838
1	1	0.96649337645
0	1	0.693746898793
1	1	0.755977736945
0	1	0.92328361239
1	0	0.361742556969
1	1	0.932648948076
1	1	0.784472742296
0	1	0.946441002346
0	1	0.655642974247
0	0	0.324114300962
1	1	0.656555484112
0	0	0.343559680427
1	1	0.98083193561
0	1	0.741518965114
0	1	0.696351005759
1	1	0.814084883056
1	1	0.971684648371
1	1	0.913695598285
0	1	0.895911392522
0	1	0.742435726678
1	1	0.987711819574
1	1	0.94364666263
1	1	0.997742110921
0	1	0.643900812181
1	1	0.542115562112
0	0	0.245251172287
0	1	0.85569404024
0	1	0.596686612856
1	1	0.81742307968
1	0	0.118978604498
1	1	0.876614596913
1	1	0.596590234704
1	1	0.95447159844
1	1	0.855828152474
0	1	0.730083788215
1	1	0.569134219665
1	1	0.913880505946
1	1	0.579662550043
0	0	0.0523210182747
1	0	0.474754006765
0	1	0.571408761737
0	1	0.873641664734
0	1	0.567482824533
0	1	0.818560617487
1	1	0.880755372635
0	1	0.882230097687
0	1	0.799617762353
0	1	0.881920054726
1	1	0.986502484359
0	0	0.0728457324727
0	1	0.590636969768
0	1	0.79287933636
1	0	0.0789896005746
1	1	0.701873283801
1	1	0.674228442152
1	0	0.477588172405
0	0	0.38699346589
0	1	0.781344368299
1	1	0.869236589043
0	1	0.805835555765
1	1	0.908589607866
0	0	0.164555049657
0	1	0.830187288321
1	1	0.823529192257
0	1	0.985441574443
1	1	0.748941220926
1	1	0.757703603283
0	0	0.331820920675
0	0	0.320716509098
1	1	0.833741624311
0	1	0.838766584314
1	1	0.708341783054
0	1	0.994439449459
1	1	0.97856481481
1	1	0.962481861524
0	0	0.136723601442
0	0	0.13412842495
0	0	0.0517582400561
1	1	0.513646930131
1	1	0.886607650451
0	1	0.959324050812
0	0	0.189028270736
1	1	0.57822210271
0	0	0.0186846376556
1	1	0.980752738548
1	1	0.682732141847
1	1	0.89466350449
1	1	0.50769403989
1	1	0.707617301942
0	1	0.602216054302
0	1	0.711026339737
1	1	0.975719612936
1	1	0.975314437472
0	1	0.935815252333
0	1	0.973643212624
1	1	0.592563522943
0	1	0.765895895959
1	1	0.936923160779
1	1	0.906251983801
1	1	0.999135204429
1	1	0.627913492426
0	1	0.521307012522
0	0	0.390287624084
1	1	0.730193396683
1	1	0.894415154934
0	1	0.815945546259
0	1	0.717684647779
0	0	0.280994190866
1	1	0.83566158451
0	1	0.963625868392
1	1	0.869726487353
1	1	0.573254594907
1	1	0.667169151797
0	1	0.595185647186
1	1	0.866900104343
1	1	0.631751548823
1	1	0.658408419837
1	1	0.892766049462
0	1	0.87853303945
1	0	0.494796416179
1	1	0.92239383401
0	1	0.933996076392
1	0	0.430830605585
0	1	0.993056939099
0	1	0.865604168595
0	0	0.228117837282
0	0	0.117296867153
1	1	0.949189230651
0	1	0.867766500024
0	1	0.992319777092
1	0	0.435470565655
1	0	0.392330959732
1	1	0.908924437242
0	1	0.836486419683
1	1	0.83498461538
1	1	0.527997214505
1	0	0.186415075945
1	0	0.0998182129904
0	1	0.768110095974
1	1	0.996229723492
0	0	0.399146787504
1	1	0.656178396165
1	1	0.914607506847
0	0	0.0864596081137
0	1	0.915591558204
0	0	0.360227956259
0	0	0.199292850521
1	1	0.816727051403
1	1	0.528055364902
1	0	0.333940656799
1	1	0.504655049103
0	1	0.638615617973
1	1	0.991706204337
1	1	0.689779364608
0	1	0.607510508553
0	0	0.0874979308085
0	1	0.567901199495
0	1	0.558445677571
0	1	0.520862539465
1	0	0.402768297302
0	0	0.249100997706
0	0	0.339903701166
1	0	0.378019949728
0	0	0.229011213894
1	1	0.768598769224
1	0	0.337947952173
0	1	0.981261798316
1	1	0.771971107822
0	0	0.00201594724987
1	1	0.753766150565
0	0	0.337482951458
1	1	0.995203710723
1	0	0.3572835948
0	0	0.210013531181
1	1	0.769643072539
0	1	0.896333521122
0	1	0.915427536552
1	1	0.797558046934
0	1	0.680022509147
1	1	0.898822851968
0	1	0.889001451006
1	1	0.935251858385
1	1	0.885489044735
0	0	0.251499061192
0	1	0.890551029936
0	1	0.542238820002
0	1	0.743705463957
0	1	0.657856942192
0	1	0.562006399412
0	1	0.951409853057
0	0	0.364755657254
0	1	0.944918648119
1	1	0.556742731087
1	0	0.282675356528
1	0	0.305933292085
1	1	0.546421043307
0	0	0.474826933819
0	1	0.545023354282
0	1	0.696116422588
1	1	0.996336462045
0	0	0.366606041186
0	0	0.11949610236
0	1	0.763930081444
0	1	0.875922917456
0	1	0.590317135399
1	1	0.994072052444
0	0	0.405373477526
1	1	0.952508363022
1	1	0.689615876591
1	1	0.624014805935
1	0	0.401078772317
1	1	0.53637352663
0	1	0.805888787703
1	0	0.423548732141
1	0	0.288528002797
0	1	0.856020034286
0	0	0.35891016465
0	1	0.903432686966
0	1	0.929626872421
